0.982
0.983
0.976
0.964
0.958
0.952
0.941
0.908
0.913
0.913
0.894
0.882
0.896
0.877
0.876
0.861
0.864
0.851
0.823
0.834
0.858
0.837
0.826
0.828
0.827
0.828
0.838
0.826
0.826
0.826
0.8
0.803
0.821
0.786
0.81
0.807
0.81
0.793
0.807
0.812
0.764
0.815
0.795
0.77
0.782
0.781
0.758
0.76
0.804
0.793
0.794
0.801
0.768
0.784
0.781
0.791
0.784
0.796
0.785
0.772
0.786
0.778
0.789
0.762
0.792
0.773
0.772
0.771
0.763
0.777
0.782
0.764
0.776
0.784
0.788
0.768
0.772
0.795
0.787
0.763
0.786
0.756
0.768
0.762
0.807
0.764
0.755
0.776
0.773
0.769
0.776
0.781
0.765
0.763
0.776
0.764
0.78
0.809
0.775
0.753
0.777
0.78
0.774
0.777
0.773
0.764
0.78
0.777
0.759
0.785
0.763
0.779
0.731
0.775
0.778
0.786
0.768
0.779
0.742
0.77
0.754
0.757
0.779
0.761
0.764
0.77
0.758
0.759
0.774
0.769
0.746
0.772
0.735
0.78
0.773
0.751
0.78
0.796
0.759
0.763
0.766
0.744
0.758
0.773
0.758
0.762
0.778
0.761
0.764
0.745
0.764
0.746
0.755
0.762
0.758
0.739
0.753
0.743
0.751
0.743
0.767
0.743
0.75
0.76
0.745
0.74
0.722
0.759
0.765
0.782
0.755
0.746
0.747
0.759
0.769
0.762
0.767
0.762
0.768
0.739
0.746
0.77
0.742
0.741
0.735
0.736
0.764
0.76
0.737
0.77
0.756
0.76
0.75
0.756
0.753
0.758
0.767
0.762
0.747
0.764
0.748
0.757
0.769
0.758
0.748
0.765
0.758
0.737
0.738
0.765
0.735
0.756
0.717
0.727
0.77
0.736
0.768
0.744
0.756
0.76
0.771
0.755
0.748
0.738
0.755
0.754
0.755
0.747
0.727
0.755
0.738
0.743
0.763
0.758
0.729
0.765
0.774
0.738
0.77
0.749
0.778
0.766
0.768
0.754
0.759
0.754
0.743
0.759
0.755
0.755
0.754
0.756
0.742
0.75
0.715
0.755
0.756
0.745
0.759
0.757
0.754
0.763
0.749
0.748
0.75
0.765
0.736
0.747
0.754
0.746
0.775
0.755
0.757
0.745
0.74
0.743
0.746
0.759
0.752
0.74
0.731
0.745
0.751
0.741
0.75
0.721
0.768
0.76
0.743
0.751
0.761
0.757
0.747
0.736
0.751
0.757
0.748
0.765
0.752
0.764
0.775
0.75
0.748
0.748
0.765
0.741
0.74
0.746
0.743
0.748
0.744
0.74
0.746
0.745
0.767
0.749
0.746
0.751
0.76
0.748
0.768
0.756
0.745
0.752
0.729
0.772
0.748
0.74
0.741
0.754
0.751
0.754
0.749
0.758
0.738
0.753
0.749
0.774
0.77
0.745
0.752
0.75
0.737
0.727
0.745
0.743
0.744
0.764
0.753
0.751
0.74
0.727
0.77
0.774
0.75
0.752
0.758
0.738
0.752
0.765
0.741
0.731
0.757
0.765
0.741
0.752
0.761
0.739
0.752
0.752
0.734
0.758
0.72
0.744
0.752
0.778
0.74
0.759
0.726
0.733
0.764
0.732
0.722
0.735
0.732
0.768
0.771
0.751
0.747
0.735
0.722
0.732
0.77
0.714
0.768
0.76
0.746
0.761
0.738
0.762
0.769
0.747
0.736
0.738
0.741
0.748
0.753
0.751
0.744
0.754
0.777
0.754
0.751
0.736
0.726
0.724
0.717
0.757
0.763
0.76
0.735
0.75
0.766
0.746
0.741
0.744
0.719
0.728
0.737
0.75
0.724
0.725
0.744
0.755
0.745
0.734
0.731
0.75
0.735
0.78
0.771
0.747
0.743
0.763
0.752
0.738
0.76
0.761
0.735
0.753
0.737
0.752
0.763
0.751
0.758
0.754
0.774
0.748
0.754
0.755
0.76
0.751
0.722
0.745
0.746
0.743
0.762
0.746
0.743
0.754
0.768
0.734
0.754
0.759
0.771
0.744
0.718
0.738
0.725
0.741
0.775
0.714
0.759
0.765
0.75
0.775
0.746
0.768
0.761
0.759
0.745
0.755
0.746
0.756
0.747
0.75
0.746
0.728
0.756
0.762
0.755
0.747
0.729
0.765
0.726
0.748
0.759
0.747
0.745
0.745
0.753
0.739
0.744
0.728
0.731
0.738
0.761
0.738
0.742
0.754
0.762
0.745
0.759
0.727
0.719
0.75
0.751
0.764
0.738
0.729
0.741
0.747
0.743
0.744
0.756
0.751
0.749
0.756
0.749
0.779
0.74
0.733
0.76
0.765
0.742
0.754
0.748
0.747
0.716
0.731
0.712
0.778
0.736
0.724
0.746
0.75
0.728
0.732
0.744
0.747
0.757
0.726
0.754
0.733
0.761
0.748
0.747
0.788
0.733
0.744
0.751
0.764
0.749
0.727
0.763
0.75
0.753
0.748
0.739
0.722
0.732
0.742
0.739
0.745
0.757
0.751
0.75
0.778
0.727
0.755
0.753
0.772
0.73
0.751
0.73
0.746
0.742
0.742
0.747
0.729
0.761
0.753
0.719
0.74
0.737
0.751
0.75
0.724
0.76
0.738
0.759
0.741
0.761
0.73
0.727
0.736
0.751
0.754
0.744
0.731
0.738
0.741
0.737
0.73
0.723
0.746
0.774
0.748
0.757
0.761
0.739
0.746
0.742
0.754
0.727
0.734
0.744
0.751
0.749
0.737
0.765
0.745
0.76
0.722
0.743
0.748
0.743
0.72
0.719
0.73
0.775
0.745
0.739
0.744
0.755
0.734
0.742
0.751
0.77
0.729
0.779
0.713
0.756
0.768
0.75
0.723
0.7295
0.723
0.75
0.738
0.757
0.749
0.736
0.749
0.74
0.74
0.754
0.74
0.762
0.772
0.744
0.712
0.753
0.721
0.752
0.75
0.749
0.751
0.766
0.759
0.745
0.742
0.748
0.737
0.76
0.752
0.759
0.744
0.752
0.743
0.748
0.742
0.739
0.742
0.75
0.745
0.734
0.744
0.741
0.724
0.751
0.729
0.751
0.748
0.749
0.762
0.754
0.755
0.762
0.752
0.749
0.74
0.74
0.731
0.764
0.763
0.748
0.731
0.745
0.732
0.736
0.752
0.738
0.714
0.73
0.742
0.778
0.744
0.752
0.752
0.733
0.738
0.714
0.762
0.738
0.746
0.732
0.747
0.741
0.749
0.748
0.746
0.781
0.749
0.743
0.727
0.74
0.738
0.755
0.765
0.719
0.731
0.743
0.738
0.745
0.75
0.75
0.735
0.735
0.734
0.73
0.755
0.744
0.766
0.743
0.745
0.751
0.735
0.737
0.727
0.738
0.745
0.73
0.76
0.749
0.731
0.75
0.766
0.749
0.74
0.748
0.755
0.73
0.75
0.759
0.738
0.745
0.731
0.727
0.746
0.738
0.751
0.753
0.74
0.724
0.752
0.748
0.742
0.776
0.75
0.727
0.756
0.748
0.736
0.742
0.745
0.761
0.743
0.752
0.751
0.724
0.723
0.775
0.761
0.727
0.758
0.735
0.714
0.735
0.743
0.714
0.74
0.716
0.74
0.753
0.749
0.735
0.762
0.756
0.764
0.749
0.762
0.742
0.731
0.734
0.732
0.735
0.743
0.735
0.733
0.749
0.755
0.767
0.735
0.748
0.736
0.749
0.761
0.727
0.745
0.751
0.726
0.745
0.748
0.749
0.749
0.735
0.716
0.72
0.747
0.723
0.737
0.734
0.762
0.742
0.754
0.755
0.724
0.742
0.74
0.744
0.735
0.718
0.705
0.744
0.76
0.741
0.732
0.738
0.733
0.735
0.726
0.711
0.748
0.733
0.73
0.722
0.76
0.759
0.734
0.719
0.732
0.756
0.768
0.742
0.751
0.736
0.718
0.764
0.749
0.717
0.741
0.74
0.77
0.75
0.748
0.746
0.748
0.745
0.721
0.748
0.728
0.745
0.739
0.743
0.733
0.737
0.726
0.728
0.725
0.742
0.747
0.7525
0.767
0.739
0.722
0.738
0.732
0.738
0.737
0.736
0.774
0.74
0.747
