0.937
0.955
0.962
0.952
0.944
0.952
0.946
0.93
0.93
0.926
0.906
0.903
0.918
0.885
0.899
0.896
0.898
0.876
0.856
0.863
0.878
0.856
0.865
0.853
0.86
0.847
0.86
0.857
0.843
0.843
0.827
0.813
0.838
0.817
0.832
0.831
0.843
0.814
0.822
0.835
0.801
0.837
0.809
0.801
0.805
0.803
0.779
0.792
0.818
0.802
0.816
0.814
0.793
0.796
0.797
0.791
0.799
0.827
0.801
0.795
0.808
0.796
0.803
0.765
0.808
0.785
0.789
0.784
0.792
0.801
0.801
0.787
0.791
0.799
0.799
0.794
0.787
0.813
0.81
0.777
0.806
0.773
0.789
0.769
0.821
0.775
0.771
0.795
0.794
0.781
0.784
0.793
0.768
0.776
0.791
0.783
0.785
0.809
0.79
0.758
0.789
0.78
0.779
0.784
0.788
0.771
0.787
0.777
0.77
0.788
0.758
0.792
0.752
0.77
0.775
0.791
0.773
0.787
0.757
0.778
0.764
0.77
0.789
0.77
0.762
0.764
0.767
0.775
0.784
0.772
0.759
0.776
0.756
0.798
0.77
0.767
0.788
0.796
0.758
0.762
0.77
0.744
0.763
0.78
0.766
0.77
0.788
0.774
0.776
0.757
0.768
0.757
0.773
0.772
0.765
0.75
0.764
0.753
0.756
0.748
0.778
0.758
0.756
0.773
0.741
0.757
0.731
0.763
0.766
0.79
0.772
0.747
0.759
0.776
0.779
0.768
0.777
0.759
0.777
0.76
0.756
0.776
0.755
0.745
0.754
0.746
0.783
0.759
0.745
0.773
0.776
0.783
0.748
0.761
0.761
0.764
0.774
0.766
0.759
0.77
0.751
0.764
0.779
0.766
0.762
0.768
0.772
0.753
0.751
0.765
0.746
0.773
0.732
0.739
0.776
0.75
0.77
0.756
0.764
0.775
0.771
0.764
0.751
0.769
0.775
0.762
0.76
0.763
0.742
0.761
0.744
0.754
0.769
0.761
0.745
0.775
0.778
0.747
0.78
0.753
0.793
0.766
0.777
0.757
0.759
0.76
0.746
0.767
0.777
0.763
0.755
0.759
0.747
0.762
0.726
0.769
0.761
0.765
0.761
0.752
0.761
0.778
0.755
0.763
0.761
0.77
0.743
0.755
0.757
0.753
0.778
0.766
0.757
0.752
0.74
0.743
0.76
0.757
0.758
0.746
0.751
0.753
0.762
0.742
0.753
0.718
0.774
0.761
0.75
0.741
0.77
0.763
0.757
0.739
0.743
0.769
0.765
0.777
0.755
0.772
0.772
0.755
0.766
0.752
0.767
0.749
0.75
0.749
0.753
0.744
0.749
0.755
0.755
0.749
0.784
0.75
0.763
0.752
0.763
0.755
0.768
0.759
0.744
0.754
0.735
0.779
0.752
0.752
0.745
0.757
0.764
0.754
0.76
0.761
0.739
0.76
0.759
0.775
0.773
0.748
0.763
0.768
0.758
0.733
0.74
0.753
0.753
0.757
0.762
0.75
0.754
0.735
0.776
0.784
0.758
0.757
0.769
0.738
0.759
0.76
0.736
0.75
0.762
0.769
0.755
0.762
0.764
0.762
0.761
0.762
0.741
0.768
0.747
0.739
0.761
0.783
0.746
0.766
0.737
0.73
0.77
0.725
0.738
0.736
0.739
0.764
0.774
0.756
0.752
0.745
0.727
0.744
0.765
0.739
0.775
0.774
0.767
0.774
0.745
0.777
0.765
0.763
0.751
0.745
0.753
0.748
0.753
0.757
0.743
0.757
0.776
0.76
0.76
0.734
0.73
0.741
0.724
0.771
0.765
0.774
0.74
0.755
0.767
0.753
0.757
0.737
0.726
0.734
0.743
0.763
0.727
0.731
0.752
0.758
0.747
0.742
0.73
0.767
0.76
0.778
0.779
0.753
0.762
0.78
0.75
0.747
0.761
0.776
0.746
0.767
0.749
0.76
0.754
0.757
0.757
0.763
0.783
0.749
0.749
0.754
0.767
0.76
0.726
0.756
0.755
0.748
0.776
0.765
0.743
0.755
0.771
0.751
0.768
0.757
0.767
0.737
0.728
0.742
0.74
0.744
0.773
0.722
0.758
0.767
0.759
0.767
0.757
0.778
0.767
0.77
0.748
0.757
0.752
0.765
0.762
0.751
0.744
0.731
0.765
0.77
0.754
0.761
0.75
0.761
0.725
0.756
0.748
0.745
0.758
0.749
0.768
0.741
0.749
0.728
0.743
0.735
0.765
0.733
0.742
0.755
0.761
0.745
0.764
0.735
0.725
0.76
0.76
0.77
0.743
0.745
0.743
0.747
0.757
0.75
0.757
0.754
0.754
0.763
0.757
0.78
0.748
0.742
0.767
0.769
0.746
0.756
0.763
0.75
0.725
0.749
0.714
0.783
0.731
0.726
0.76
0.756
0.741
0.739
0.754
0.749
0.755
0.73
0.769
0.751
0.768
0.755
0.752
0.789
0.735
0.746
0.742
0.772
0.756
0.74
0.764
0.749
0.753
0.738
0.755
0.72
0.745
0.742
0.746
0.752
0.769
0.748
0.771
0.763
0.724
0.745
0.753
0.773
0.755
0.757
0.73
0.752
0.748
0.747
0.739
0.722
0.765
0.76
0.729
0.745
0.75
0.753
0.753
0.739
0.776
0.751
0.757
0.754
0.755
0.729
0.733
0.737
0.751
0.757
0.746
0.746
0.74
0.738
0.738
0.733
0.737
0.747
0.77
0.748
0.761
0.772
0.736
0.755
0.748
0.769
0.729
0.744
0.728
0.75
0.75
0.741
0.772
0.75
0.758
0.726
0.749
0.735
0.746
0.723
0.736
0.741
0.78
0.757
0.742
0.745
0.781
0.733
0.75
0.758
0.771
0.735
0.785
0.728
0.762
0.763
0.76
0.733
0.7305
0.721
0.756
0.737
0.756
0.757
0.747
0.75
0.752
0.724
0.753
0.735
0.762
0.786
0.749
0.713
0.753
0.716
0.762
0.745
0.745
0.742
0.77
0.767
0.75
0.757
0.757
0.746
0.756
0.737
0.761
0.743
0.752
0.744
0.762
0.748
0.732
0.738
0.766
0.751
0.738
0.748
0.744
0.728
0.749
0.737
0.763
0.753
0.754
0.76
0.756
0.755
0.754
0.75
0.741
0.741
0.75
0.746
0.771
0.767
0.747
0.744
0.752
0.736
0.729
0.762
0.746
0.715
0.749
0.754
0.782
0.747
0.744
0.759
0.719
0.74
0.725
0.764
0.755
0.752
0.74
0.754
0.748
0.746
0.747
0.748
0.767
0.757
0.751
0.741
0.743
0.735
0.751
0.779
0.721
0.733
0.752
0.744
0.749
0.748
0.754
0.737
0.748
0.742
0.731
0.754
0.752
0.771
0.74
0.754
0.75
0.726
0.741
0.73
0.756
0.752
0.739
0.758
0.742
0.733
0.754
0.774
0.755
0.743
0.752
0.757
0.743
0.753
0.763
0.737
0.751
0.737
0.733
0.741
0.745
0.742
0.761
0.748
0.719
0.755
0.756
0.743
0.779
0.755
0.731
0.755
0.764
0.734
0.762
0.75
0.765
0.743
0.748
0.763
0.738
0.723
0.769
0.757
0.73
0.749
0.743
0.713
0.74
0.75
0.724
0.747
0.735
0.741
0.764
0.75
0.744
0.77
0.767
0.765
0.759
0.767
0.741
0.737
0.741
0.752
0.736
0.74
0.741
0.733
0.756
0.747
0.763
0.749
0.748
0.748
0.752
0.765
0.74
0.744
0.751
0.739
0.751
0.755
0.749
0.76
0.747
0.729
0.721
0.738
0.724
0.745
0.746
0.765
0.746
0.765
0.764
0.73
0.747
0.743
0.756
0.739
0.731
0.702
0.763
0.755
0.748
0.737
0.746
0.738
0.745
0.733
0.723
0.744
0.751
0.747
0.733
0.759
0.761
0.739
0.731
0.743
0.756
0.765
0.771
0.763
0.744
0.727
0.769
0.749
0.719
0.754
0.729
0.771
0.758
0.754
0.761
0.747
0.752
0.719
0.752
0.733
0.756
0.754
0.748
0.754
0.745
0.74
0.733
0.742
0.759
0.747
0.757
0.774
0.736
0.728
0.728
0.741
0.737
0.737
0.743
0.777
0.744
0.751
