0.855
0.878
0.848
0.894
0.884
0.914
0.897
0.909
0.921
0.898
0.921
0.915
0.925
0.93
0.926
0.926
0.922
0.916
0.916
0.932
0.919
0.906
0.907
0.916
0.922
0.934
0.931
0.917
0.929
0.93
0.924
0.928
0.923
0.925
0.938
0.92
0.928
0.929
0.92
0.921
0.911
0.918
0.909
0.923
0.935
0.908
0.915
0.932
0.92
0.91
0.937
0.916
0.941
0.934
0.923
0.924
0.93
0.923
0.915
0.912
0.935
0.933
0.927
0.907
0.932
0.911
0.907
0.918
0.924
0.886
0.907
0.915
0.926
0.931
0.925
0.93
0.927
0.921
0.922
0.908
0.916
0.914
0.918
0.928
0.94
0.924
0.906
0.926
0.928
0.905
0.92
0.909
0.913
0.912
0.93
0.923
0.929
0.93
0.921
0.911
0.921
0.929
0.919
0.912
0.92
0.924
0.908
0.925
0.902
0.933
0.92
0.928
0.897
0.932
0.922
0.925
0.903
0.929
0.925
0.919
0.912
0.909
0.921
0.916
0.908
0.926
0.92
0.926
0.922
0.917
0.922
0.914
0.913
0.927
0.908
0.918
0.931
0.927
0.909
0.914
0.936
0.907
0.921
0.919
0.91
0.915
0.935
0.914
0.926
0.928
0.915
0.914
0.932
0.926
0.937
0.906
0.916
0.906
0.916
0.921
0.909
0.891
0.914
0.915
0.911
0.914
0.905
0.918
0.912
0.937
0.91
0.908
0.911
0.93
0.933
0.913
0.921
0.918
0.937
0.927
0.908
0.92
0.903
0.926
0.917
0.906
0.923
0.919
0.904
0.935
0.895
0.923
0.928
0.921
0.915
0.935
0.92
0.922
0.917
0.899
0.895
0.936
0.923
0.908
0.919
0.934
0.904
0.913
0.905
0.916
0.903
0.916
0.922
0.899
0.931
0.926
0.919
0.91
0.917
0.912
0.93
0.907
0.916
0.915
0.908
0.899
0.93
0.913
0.917
0.909
0.88
0.922
0.891
0.918
0.908
0.91
0.906
0.897
0.934
0.923
0.92
0.921
0.921
0.91
0.911
0.922
0.919
0.924
0.924
0.916
0.897
0.914
0.912
0.897
0.907
0.927
0.913
0.906
0.911
0.916
0.92
0.909
0.902
0.926
0.934
0.931
0.891
0.894
0.901
0.896
0.912
0.921
0.914
0.916
0.923
0.898
0.912
0.931
0.901
0.912
0.929
0.905
0.917
0.905
0.898
0.899
0.913
0.926
0.902
0.886
0.911
0.925
0.928
0.927
0.931
0.915
0.905
0.914
0.884
0.917
0.903
0.911
0.9
0.903
0.909
0.902
0.913
0.927
0.924
0.903
0.924
0.914
0.898
0.913
0.918
0.917
0.908
0.895
0.909
0.929
0.917
0.918
0.91
0.918
0.929
0.914
0.922
0.908
0.914
0.915
0.923
0.93
0.913
0.922
0.906
0.913
0.927
0.921
0.929
0.928
0.909
0.917
0.919
0.919
0.917
0.893
0.916
0.922
0.91
0.901
0.89
0.919
0.922
0.927
0.915
0.906
0.903
0.927
0.922
0.921
0.909
0.906
0.915
0.917
0.906
0.898
0.919
0.895
0.909
0.895
0.921
0.927
0.9
0.909
0.917
0.914
0.914
0.935
0.92
0.924
0.921
0.899
0.897
0.929
0.9
0.9
0.902
0.919
0.913
0.922
0.91
0.927
0.911
0.906
0.926
0.911
0.906
0.922
0.917
0.93
0.927
0.932
0.913
0.908
0.909
0.919
0.917
0.916
0.883
0.91
0.921
0.917
0.941
0.91
0.88
0.91
0.882
0.94
0.923
0.908
0.919
0.921
0.897
0.912
0.905
0.892
0.894
0.908
0.907
0.925
0.916
0.902
0.891
0.908
0.901
0.901
0.91
0.919
0.901
0.919
0.911
0.91
0.908
0.914
0.917
0.915
0.902
0.924
0.906
0.924
0.903
0.917
0.911
0.914
0.916
0.909
0.92
0.921
0.901
0.911
0.903
0.913
0.908
0.918
0.912
0.922
0.91
0.889
0.901
0.911
0.911
0.904
0.904
0.902
0.92
0.914
0.911
0.907
0.902
0.906
0.922
0.902
0.9
0.903
0.923
0.907
0.92
0.915
0.919
0.91
0.912
0.913
0.927
0.908
0.925
0.919
0.907
0.905
0.916
0.908
0.916
0.917
0.901
0.911
0.915
0.928
0.896
0.911
0.908
0.904
0.891
0.902
0.892
0.909
0.913
0.909
0.926
0.907
0.916
0.927
0.919
0.915
0.898
0.913
0.903
0.903
0.911
0.922
0.915
0.901
0.892
0.913
0.928
0.895
0.911
0.923
0.893
0.912
0.932
0.925
0.905
0.933
0.928
0.916
0.918
0.912
0.941
0.918
0.897
0.921
0.901
0.934
0.913
0.91
0.902
0.886
0.899
0.892
0.93
0.927
0.909
0.901
0.921
0.913
0.915
0.92
0.904
0.924
0.909
0.91
0.907
0.921
0.908
0.914
0.913
0.919
0.923
0.894
0.919
0.898
0.901
0.915
0.897
0.912
0.916
0.906
0.915
0.901
0.902
0.913
0.901
0.918
0.904
0.932
0.912
0.901
0.91
0.904
0.915
0.921
0.902
0.904
0.907
0.917
0.925
0.9
0.904
0.908
0.927
0.902
0.907
0.904
0.895
0.913
0.9
0.917
0.917
0.906
0.902
0.899
0.897
0.905
0.923
0.892
0.916
0.925
0.908
0.924
0.899
0.932
0.894
0.919
0.907
0.915
0.891
0.924
0.913
0.928
0.919
0.915
0.91
0.915
0.916
0.917
0.906
0.904
0.898
0.892
0.893
0.915
0.926
0.911
0.88
0.914
0.925
0.916
0.921
0.922
0.921
0.904
0.922
0.913
0.919
0.913
0.926
0.908
0.894
0.899
0.906
0.9
0.927
0.917
0.917
0.907
0.888
0.89
0.904
0.905
0.911
0.919
0.905
0.884
0.91
0.907
0.907
0.908
0.92
0.904
0.918
0.911
0.917
0.919
0.925
0.92
0.923
0.921
0.917
0.906
0.908
0.907
0.915
0.913
0.9
0.906
0.927
0.921
0.91
0.924
0.925
0.903
0.904
0.908
0.907
0.926
0.922
0.885
0.93
0.902
0.924
0.932
0.919
0.923
0.916
0.913
0.917
0.92
0.916
0.903
0.923
0.899
0.902
0.917
0.922
0.883
0.905
0.925
0.918
0.913
0.915
0.902
0.91
0.91
0.881
0.914
0.917
0.935
0.914
0.926
0.886
0.901
0.893
0.912
0.92
0.89
0.908
0.899
0.916
0.923
0.917
0.904
0.901
0.912
0.882
0.882
0.912
0.901
0.903
0.893
0.909
0.911
0.906
0.897
0.881
0.93
0.9
0.895
0.896
0.901
0.908
0.888
0.908
0.903
0.919
0.913
0.886
0.909
0.914
0.913
0.905
0.931
0.918
0.913
0.911
0.919
0.91
0.918
0.905
0.912
0.916
0.915
0.908
0.904
0.9
0.894
0.91
0.916
0.912
0.914
0.909
0.893
0.917
0.907
0.921
0.898
0.908
0.915
0.907
0.901
0.915
0.922
0.913
0.918
0.917
0.916
0.901
0.903
0.9
0.883
0.89
0.901
0.905
0.912
0.901
0.909
0.924
0.902
0.914
0.896
0.89
0.9
0.908
0.895
0.922
0.905
0.923
0.912
0.922
0.903
0.897
0.91
0.897
0.907
0.929
0.917
0.926
0.904
0.909
0.902
0.902
0.909
0.927
0.917
0.902
0.92
0.922
0.914
0.9
0.907
0.906
0.907
0.894
0.922
0.942
0.921
0.914
0.914
0.909
0.908
0.911
0.904
0.917
0.914
0.902
0.906
0.905
0.915
0.91
0.892
0.913
0.903
0.902
0.917
0.882
0.9
0.889
0.898
0.895
0.892
0.9
0.923
0.903
0.914
0.91
0.919
0.915
0.938
0.904
0.905
0.912
0.924
0.926
0.89
0.895
0.917
0.905
0.918
0.918
0.905
0.913
0.912
0.921
0.908
0.906
0.921
0.912
0.901
0.927
0.9
0.907
0.909
0.932
0.919
0.902
0.919
0.92
0.916
0.898
0.899
0.912
0.916
0.894
0.941
0.928
0.897
