0.99
0.981
0.971
0.973
0.979
0.976
0.963
0.96
0.958
0.957
0.957
0.957
0.955
0.953
0.94
0.941
0.942
0.931
0.932
0.924
0.927
0.934
0.921
0.925
0.925
0.907
0.933
0.919
0.916
0.932
0.916
0.902
0.907
0.903
0.919
0.917
0.913
0.911
0.909
0.917
0.879
0.922
0.894
0.889
0.886
0.886
0.878
0.885
0.898
0.888
0.88
0.883
0.89
0.882
0.885
0.892
0.899
0.879
0.872
0.874
0.872
0.872
0.873
0.881
0.873
0.859
0.856
0.847
0.86
0.857
0.872
0.861
0.87
0.872
0.866
0.862
0.862
0.849
0.873
0.85
0.868
0.864
0.858
0.852
0.871
0.861
0.834
0.835
0.858
0.857
0.867
0.858
0.834
0.824
0.859
0.852
0.845
0.861
0.86
0.84
0.857
0.837
0.866
0.836
0.851
0.833
0.846
0.838
0.834
0.845
0.836
0.849
0.82
0.86
0.85
0.855
0.831
0.858
0.807
0.853
0.843
0.822
0.863
0.823
0.834
0.858
0.837
0.843
0.828
0.838
0.824
0.843
0.803
0.83
0.809
0.833
0.841
0.834
0.818
0.819
0.839
0.835
0.832
0.835
0.828
0.805
0.855
0.817
0.837
0.803
0.84
0.821
0.831
0.837
0.834
0.821
0.805
0.816
0.845
0.804
0.828
0.809
0.825
0.826
0.791
0.798
0.79
0.813
0.822
0.842
0.816
0.794
0.819
0.828
0.829
0.824
0.803
0.811
0.824
0.807
0.826
0.831
0.795
0.812
0.802
0.795
0.82
0.823
0.806
0.809
0.81
0.817
0.795
0.823
0.806
0.832
0.816
0.825
0.814
0.811
0.808
0.814
0.816
0.812
0.805
0.796
0.839
0.811
0.795
0.836
0.802
0.827
0.796
0.788
0.821
0.8
0.822
0.8
0.792
0.811
0.818
0.795
0.814
0.801
0.804
0.801
0.82
0.804
0.773
0.808
0.812
0.801
0.821
0.815
0.782
0.834
0.796
0.794
0.811
0.8
0.817
0.825
0.815
0.811
0.804
0.807
0.796
0.802
0.831
0.806
0.796
0.803
0.791
0.805
0.805
0.808
0.808
0.796
0.804
0.81
0.78
0.806
0.804
0.804
0.798
0.813
0.769
0.785
0.796
0.801
0.808
0.808
0.798
0.802
0.785
0.805
0.793
0.799
0.786
0.798
0.787
0.779
0.8
0.788
0.778
0.784
0.814
0.813
0.79
0.781
0.784
0.804
0.793
0.802
0.793
0.803
0.798
0.813
0.806
0.816
0.794
0.768
0.802
0.787
0.786
0.789
0.801
0.806
0.789
0.768
0.796
0.762
0.801
0.803
0.793
0.785
0.804
0.791
0.781
0.798
0.802
0.785
0.795
0.795
0.798
0.804
0.786
0.787
0.784
0.771
0.804
0.794
0.806
0.803
0.762
0.808
0.787
0.812
0.801
0.78
0.786
0.785
0.79
0.76
0.789
0.802
0.795
0.782
0.787
0.782
0.784
0.779
0.817
0.803
0.787
0.811
0.796
0.781
0.773
0.793
0.791
0.783
0.795
0.798
0.774
0.797
0.795
0.792
0.793
0.791
0.791
0.801
0.78
0.779
0.793
0.803
0.769
0.8
0.783
0.787
0.794
0.8
0.755
0.776
0.777
0.795
0.79
0.794
0.774
0.776
0.775
0.781
0.816
0.775
0.792
0.78
0.789
0.783
0.785
0.791
0.786
0.791
0.785
0.775
0.794
0.779
0.787
0.779
0.781
0.789
0.792
0.771
0.808
0.773
0.767
0.756
0.768
0.776
0.785
0.798
0.779
0.791
0.778
0.779
0.793
0.783
0.777
0.766
0.779
0.782
0.783
0.758
0.797
0.787
0.764
0.764
0.762
0.781
0.768
0.799
0.796
0.786
0.784
0.809
0.773
0.779
0.796
0.788
0.783
0.78
0.766
0.788
0.756
0.804
0.791
0.791
0.792
0.783
0.766
0.787
0.795
0.776
0.769
0.772
0.783
0.775
0.802
0.788
0.79
0.78
0.792
0.779
0.808
0.796
0.797
0.78
0.771
0.759
0.761
0.786
0.799
0.767
0.791
0.805
0.781
0.791
0.766
0.809
0.786
0.806
0.766
0.788
0.787
0.796
0.799
0.78
0.776
0.758
0.806
0.799
0.78
0.794
0.774
0.781
0.767
0.793
0.786
0.779
0.772
0.791
0.802
0.781
0.771
0.77
0.763
0.774
0.789
0.773
0.77
0.8
0.781
0.77
0.779
0.782
0.757
0.781
0.766
0.791
0.796
0.775
0.766
0.78
0.787
0.768
0.774
0.773
0.777
0.791
0.802
0.795
0.766
0.77
0.788
0.79
0.764
0.781
0.799
0.777
0.735
0.754
0.76
0.802
0.776
0.778
0.769
0.777
0.755
0.772
0.786
0.788
0.786
0.76
0.782
0.771
0.794
0.775
0.794
0.81
0.778
0.79
0.804
0.774
0.778
0.771
0.778
0.789
0.782
0.785
0.764
0.747
0.758
0.766
0.763
0.789
0.794
0.782
0.787
0.774
0.766
0.78
0.783
0.785
0.749
0.797
0.756
0.785
0.766
0.769
0.784
0.77
0.794
0.77
0.757
0.762
0.788
0.782
0.791
0.76
0.778
0.771
0.776
0.775
0.772
0.782
0.769
0.756
0.778
0.773
0.771
0.785
0.781
0.785
0.775
0.77
0.752
0.768
0.791
0.785
0.775
0.787
0.782
0.769
0.782
0.802
0.76
0.774
0.763
0.806
0.783
0.773
0.789
0.774
0.767
0.757
0.763
0.773
0.774
0.749
0.761
0.783
0.8
0.776
0.756
0.778
0.789
0.77
0.762
0.773
0.796
0.766
0.804
0.76
0.78
0.792
0.794
0.772
0.7645
0.726
0.784
0.759
0.775
0.774
0.795
0.782
0.759
0.746
0.77
0.777
0.783
0.789
0.78
0.742
0.767
0.764
0.787
0.782
0.775
0.757
0.774
0.784
0.779
0.769
0.777
0.76
0.807
0.768
0.793
0.778
0.768
0.776
0.78
0.777
0.76
0.783
0.784
0.768
0.768
0.795
0.765
0.768
0.762
0.767
0.79
0.781
0.766
0.787
0.793
0.78
0.78
0.769
0.775
0.787
0.787
0.778
0.783
0.778
0.772
0.769
0.79
0.763
0.754
0.773
0.775
0.744
0.772
0.792
0.791
0.763
0.775
0.776
0.786
0.746
0.748
0.781
0.772
0.787
0.767
0.747
0.767
0.78
0.772
0.759
0.78
0.782
0.771
0.772
0.778
0.754
0.768
0.789
0.749
0.748
0.764
0.781
0.775
0.78
0.78
0.775
0.754
0.772
0.756
0.781
0.769
0.779
0.775
0.76
0.775
0.764
0.75
0.795
0.761
0.774
0.764
0.79
0.763
0.752
0.763
0.79
0.768
0.771
0.771
0.802
0.76
0.789
0.78
0.766
0.776
0.756
0.749
0.785
0.767
0.76
0.765
0.773
0.746
0.786
0.772
0.753
0.81
0.759
0.757
0.771
0.771
0.75
0.768
0.778
0.787
0.758
0.77
0.806
0.754
0.772
0.787
0.787
0.767
0.779
0.766
0.742
0.768
0.767
0.727
0.771
0.748
0.763
0.793
0.782
0.766
0.785
0.792
0.786
0.776
0.796
0.781
0.768
0.788
0.757
0.77
0.752
0.758
0.775
0.765
0.768
0.777
0.773
0.773
0.774
0.771
0.761
0.759
0.765
0.785
0.763
0.778
0.789
0.758
0.77
0.756
0.751
0.743
0.767
0.769
0.761
0.769
0.772
0.754
0.773
0.78
0.756
0.769
0.781
0.773
0.755
0.753
0.742
0.779
0.801
0.774
0.774
0.791
0.763
0.763
0.756
0.753
0.773
0.758
0.785
0.751
0.786
0.779
0.76
0.763
0.763
0.786
0.759
0.779
0.786
0.767
0.761
0.772
0.776
0.768
0.759
0.771
0.783
0.773
0.786
0.768
0.779
0.769
0.756
0.777
0.753
0.765
0.784
0.77
0.76
0.782
0.768
0.767
0.752
0.787
0.756
0.7765
0.791
0.764
0.76
0.769
0.759
0.768
0.768
0.751
0.792
0.763
0.783
