0.988
0.978
0.964
0.97
0.974
0.973
0.955
0.952
0.953
0.956
0.948
0.946
0.947
0.945
0.931
0.928
0.931
0.922
0.915
0.918
0.917
0.927
0.914
0.913
0.916
0.9
0.924
0.909
0.905
0.925
0.905
0.894
0.888
0.889
0.908
0.908
0.909
0.904
0.9
0.905
0.871
0.916
0.876
0.882
0.883
0.881
0.869
0.876
0.893
0.881
0.873
0.876
0.882
0.872
0.873
0.882
0.885
0.872
0.866
0.866
0.867
0.865
0.867
0.873
0.87
0.85
0.852
0.842
0.858
0.848
0.873
0.854
0.863
0.866
0.862
0.853
0.852
0.845
0.866
0.845
0.865
0.86
0.854
0.843
0.865
0.849
0.829
0.836
0.853
0.853
0.863
0.858
0.834
0.823
0.858
0.845
0.844
0.858
0.858
0.837
0.851
0.835
0.856
0.836
0.846
0.83
0.843
0.837
0.832
0.847
0.833
0.846
0.818
0.855
0.846
0.852
0.829
0.854
0.805
0.844
0.834
0.818
0.861
0.822
0.831
0.856
0.838
0.838
0.826
0.834
0.821
0.843
0.799
0.825
0.811
0.829
0.838
0.828
0.813
0.817
0.835
0.83
0.826
0.832
0.826
0.803
0.853
0.816
0.834
0.803
0.838
0.82
0.828
0.834
0.83
0.818
0.802
0.81
0.841
0.801
0.82
0.806
0.82
0.822
0.787
0.795
0.787
0.811
0.819
0.838
0.813
0.793
0.819
0.825
0.831
0.819
0.799
0.809
0.824
0.803
0.821
0.83
0.794
0.806
0.798
0.794
0.819
0.82
0.803
0.809
0.809
0.814
0.794
0.813
0.807
0.827
0.816
0.826
0.812
0.812
0.808
0.813
0.818
0.807
0.804
0.795
0.839
0.813
0.796
0.833
0.802
0.824
0.795
0.79
0.819
0.795
0.817
0.798
0.789
0.808
0.821
0.793
0.812
0.796
0.804
0.798
0.819
0.803
0.77
0.804
0.81
0.801
0.822
0.814
0.78
0.831
0.797
0.795
0.808
0.799
0.815
0.823
0.811
0.811
0.803
0.805
0.795
0.8
0.829
0.804
0.797
0.805
0.787
0.803
0.803
0.807
0.804
0.798
0.807
0.809
0.779
0.805
0.799
0.804
0.798
0.811
0.768
0.783
0.795
0.801
0.806
0.809
0.799
0.8
0.788
0.805
0.791
0.8
0.786
0.797
0.786
0.772
0.802
0.788
0.777
0.78
0.811
0.81
0.788
0.781
0.782
0.798
0.794
0.799
0.793
0.801
0.796
0.814
0.804
0.816
0.793
0.768
0.804
0.789
0.784
0.789
0.8
0.806
0.788
0.768
0.792
0.764
0.803
0.805
0.794
0.784
0.804
0.788
0.78
0.796
0.798
0.784
0.795
0.795
0.799
0.803
0.785
0.788
0.786
0.772
0.804
0.793
0.806
0.8
0.762
0.807
0.787
0.813
0.8
0.78
0.786
0.786
0.789
0.759
0.787
0.802
0.794
0.783
0.787
0.781
0.785
0.779
0.818
0.803
0.786
0.81
0.795
0.784
0.772
0.797
0.79
0.78
0.797
0.798
0.775
0.794
0.794
0.795
0.793
0.789
0.788
0.798
0.78
0.777
0.79
0.803
0.767
0.8
0.784
0.786
0.792
0.797
0.754
0.773
0.777
0.797
0.787
0.792
0.775
0.775
0.775
0.78
0.814
0.773
0.792
0.78
0.79
0.783
0.785
0.791
0.785
0.791
0.779
0.774
0.793
0.78
0.788
0.779
0.779
0.788
0.791
0.769
0.806
0.77
0.767
0.758
0.766
0.776
0.784
0.799
0.781
0.791
0.776
0.779
0.793
0.783
0.775
0.766
0.778
0.782
0.783
0.758
0.796
0.787
0.762
0.766
0.76
0.781
0.77
0.8
0.792
0.784
0.784
0.809
0.776
0.779
0.799
0.786
0.783
0.78
0.766
0.788
0.754
0.803
0.791
0.79
0.793
0.783
0.768
0.787
0.796
0.775
0.768
0.772
0.781
0.777
0.801
0.789
0.787
0.777
0.794
0.779
0.809
0.796
0.798
0.778
0.772
0.756
0.761
0.786
0.799
0.767
0.793
0.806
0.778
0.79
0.766
0.808
0.786
0.805
0.765
0.788
0.788
0.797
0.796
0.78
0.776
0.758
0.806
0.798
0.78
0.795
0.774
0.781
0.768
0.792
0.784
0.778
0.771
0.791
0.803
0.78
0.773
0.772
0.762
0.774
0.788
0.772
0.771
0.802
0.781
0.77
0.778
0.783
0.755
0.779
0.767
0.791
0.795
0.775
0.765
0.78
0.786
0.769
0.773
0.774
0.778
0.793
0.802
0.795
0.768
0.769
0.788
0.789
0.765
0.781
0.798
0.778
0.734
0.758
0.758
0.803
0.778
0.78
0.771
0.777
0.755
0.772
0.784
0.788
0.788
0.76
0.784
0.776
0.793
0.774
0.793
0.81
0.778
0.791
0.805
0.774
0.778
0.773
0.778
0.79
0.782
0.783
0.767
0.747
0.756
0.766
0.763
0.79
0.794
0.78
0.786
0.772
0.766
0.778
0.783
0.785
0.749
0.797
0.755
0.783
0.765
0.768
0.783
0.77
0.796
0.77
0.755
0.76
0.788
0.782
0.791
0.759
0.776
0.771
0.774
0.776
0.773
0.784
0.769
0.756
0.776
0.773
0.773
0.784
0.78
0.785
0.774
0.771
0.751
0.768
0.793
0.786
0.774
0.788
0.78
0.768
0.781
0.802
0.761
0.772
0.763
0.804
0.78
0.773
0.788
0.772
0.77
0.754
0.762
0.774
0.773
0.749
0.759
0.785
0.801
0.774
0.755
0.777
0.79
0.768
0.762
0.772
0.796
0.767
0.805
0.76
0.776
0.791
0.794
0.771
0.7645
0.727
0.785
0.759
0.775
0.774
0.794
0.782
0.758
0.746
0.771
0.778
0.783
0.791
0.78
0.741
0.767
0.764
0.788
0.781
0.773
0.757
0.773
0.786
0.779
0.769
0.777
0.76
0.807
0.769
0.792
0.776
0.768
0.776
0.779
0.778
0.761
0.783
0.785
0.767
0.768
0.794
0.766
0.769
0.762
0.765
0.79
0.781
0.765
0.788
0.794
0.779
0.78
0.77
0.774
0.787
0.787
0.777
0.783
0.778
0.775
0.769
0.79
0.761
0.754
0.773
0.777
0.744
0.775
0.789
0.79
0.762
0.774
0.776
0.788
0.746
0.747
0.782
0.773
0.787
0.768
0.745
0.765
0.778
0.772
0.76
0.779
0.781
0.771
0.773
0.779
0.754
0.768
0.79
0.749
0.747
0.764
0.78
0.776
0.78
0.782
0.775
0.756
0.772
0.756
0.78
0.77
0.78
0.775
0.759
0.775
0.763
0.75
0.793
0.762
0.773
0.763
0.79
0.761
0.754
0.763
0.79
0.768
0.771
0.773
0.799
0.76
0.789
0.78
0.765
0.775
0.757
0.749
0.784
0.767
0.76
0.766
0.771
0.745
0.784
0.772
0.754
0.811
0.759
0.757
0.772
0.771
0.751
0.77
0.78
0.788
0.758
0.77
0.805
0.754
0.775
0.787
0.787
0.767
0.777
0.766
0.741
0.767
0.765
0.726
0.772
0.746
0.763
0.793
0.781
0.768
0.783
0.792
0.785
0.775
0.796
0.781
0.768
0.787
0.757
0.769
0.753
0.759
0.775
0.765
0.769
0.777
0.773
0.772
0.774
0.771
0.765
0.76
0.765
0.784
0.763
0.776
0.788
0.757
0.77
0.755
0.751
0.743
0.767
0.767
0.76
0.77
0.772
0.754
0.774
0.78
0.757
0.768
0.78
0.774
0.756
0.755
0.742
0.779
0.8
0.774
0.775
0.791
0.763
0.763
0.756
0.752
0.77
0.759
0.785
0.75
0.784
0.779
0.76
0.762
0.763
0.786
0.76
0.777
0.786
0.768
0.761
0.77
0.776
0.768
0.76
0.771
0.781
0.774
0.785
0.768
0.779
0.767
0.756
0.777
0.753
0.765
0.784
0.769
0.758
0.78
0.767
0.766
0.754
0.785
0.756
0.777
0.79
0.764
0.761
0.768
0.758
0.766
0.768
0.749
0.793
0.762
0.782
