0.984
0.972
0.952
0.96
0.965
0.967
0.949
0.938
0.937
0.946
0.938
0.936
0.938
0.93
0.914
0.915
0.912
0.907
0.908
0.907
0.909
0.916
0.905
0.898
0.906
0.888
0.912
0.896
0.895
0.912
0.889
0.878
0.879
0.882
0.899
0.893
0.899
0.897
0.891
0.889
0.858
0.902
0.865
0.868
0.873
0.872
0.858
0.863
0.882
0.865
0.867
0.863
0.875
0.867
0.862
0.874
0.874
0.867
0.862
0.862
0.864
0.857
0.865
0.855
0.869
0.847
0.846
0.841
0.843
0.842
0.864
0.85
0.858
0.856
0.851
0.846
0.848
0.841
0.859
0.838
0.854
0.856
0.847
0.843
0.856
0.836
0.826
0.835
0.845
0.848
0.858
0.855
0.826
0.82
0.852
0.834
0.84
0.856
0.854
0.83
0.844
0.828
0.846
0.833
0.842
0.827
0.835
0.834
0.826
0.843
0.827
0.843
0.817
0.85
0.843
0.851
0.825
0.846
0.8
0.836
0.833
0.813
0.857
0.817
0.829
0.852
0.83
0.833
0.826
0.833
0.817
0.834
0.798
0.82
0.811
0.823
0.836
0.825
0.811
0.813
0.836
0.827
0.823
0.83
0.82
0.805
0.85
0.814
0.831
0.802
0.834
0.82
0.824
0.83
0.828
0.816
0.804
0.812
0.837
0.797
0.816
0.805
0.817
0.813
0.785
0.795
0.783
0.809
0.818
0.837
0.809
0.787
0.819
0.822
0.828
0.816
0.8
0.808
0.824
0.799
0.812
0.826
0.791
0.805
0.793
0.792
0.816
0.811
0.804
0.809
0.806
0.812
0.791
0.81
0.805
0.821
0.812
0.827
0.807
0.81
0.808
0.812
0.816
0.807
0.806
0.794
0.84
0.808
0.791
0.83
0.798
0.822
0.794
0.784
0.817
0.793
0.818
0.798
0.791
0.804
0.821
0.792
0.81
0.793
0.802
0.794
0.816
0.801
0.769
0.803
0.808
0.798
0.819
0.814
0.781
0.83
0.796
0.792
0.808
0.8
0.813
0.825
0.809
0.808
0.801
0.8
0.795
0.796
0.831
0.806
0.799
0.801
0.786
0.802
0.805
0.805
0.8
0.797
0.806
0.805
0.781
0.808
0.797
0.804
0.796
0.812
0.767
0.781
0.79
0.8
0.806
0.81
0.799
0.797
0.79
0.802
0.793
0.796
0.785
0.799
0.786
0.77
0.798
0.788
0.775
0.78
0.809
0.811
0.784
0.776
0.779
0.797
0.794
0.798
0.791
0.801
0.797
0.811
0.806
0.815
0.795
0.767
0.806
0.788
0.782
0.787
0.798
0.805
0.787
0.767
0.789
0.767
0.798
0.802
0.792
0.782
0.801
0.785
0.78
0.798
0.797
0.783
0.796
0.796
0.799
0.8
0.779
0.788
0.781
0.77
0.803
0.793
0.807
0.798
0.764
0.804
0.785
0.814
0.799
0.778
0.787
0.787
0.786
0.756
0.786
0.804
0.792
0.786
0.786
0.785
0.783
0.779
0.815
0.803
0.786
0.807
0.793
0.785
0.772
0.798
0.79
0.779
0.797
0.8
0.777
0.797
0.791
0.79
0.794
0.79
0.788
0.796
0.778
0.775
0.791
0.803
0.764
0.799
0.782
0.787
0.792
0.796
0.755
0.771
0.777
0.798
0.786
0.79
0.777
0.776
0.773
0.781
0.814
0.771
0.789
0.779
0.789
0.782
0.785
0.793
0.788
0.792
0.774
0.776
0.793
0.78
0.787
0.78
0.781
0.789
0.791
0.77
0.804
0.771
0.763
0.76
0.767
0.779
0.784
0.797
0.781
0.791
0.776
0.776
0.79
0.784
0.773
0.765
0.776
0.783
0.782
0.762
0.797
0.786
0.762
0.765
0.762
0.779
0.773
0.801
0.792
0.783
0.783
0.808
0.776
0.778
0.795
0.785
0.782
0.784
0.765
0.787
0.755
0.806
0.788
0.791
0.794
0.784
0.769
0.786
0.799
0.773
0.768
0.768
0.781
0.779
0.801
0.788
0.786
0.776
0.79
0.78
0.806
0.793
0.798
0.776
0.772
0.757
0.758
0.785
0.801
0.766
0.792
0.806
0.778
0.79
0.766
0.807
0.784
0.804
0.765
0.788
0.787
0.797
0.798
0.779
0.776
0.76
0.804
0.797
0.779
0.794
0.771
0.783
0.766
0.792
0.784
0.781
0.771
0.787
0.803
0.779
0.771
0.772
0.762
0.773
0.786
0.773
0.771
0.805
0.779
0.77
0.779
0.781
0.751
0.78
0.765
0.793
0.794
0.775
0.765
0.778
0.787
0.768
0.774
0.775
0.777
0.794
0.802
0.796
0.767
0.767
0.786
0.788
0.765
0.781
0.796
0.779
0.734
0.756
0.76
0.801
0.778
0.779
0.77
0.776
0.757
0.774
0.784
0.787
0.788
0.761
0.787
0.778
0.794
0.775
0.792
0.808
0.777
0.793
0.803
0.77
0.777
0.774
0.777
0.791
0.781
0.781
0.769
0.747
0.758
0.765
0.764
0.789
0.795
0.781
0.782
0.772
0.765
0.778
0.782
0.787
0.75
0.794
0.756
0.781
0.764
0.766
0.779
0.77
0.796
0.772
0.756
0.76
0.786
0.779
0.789
0.759
0.777
0.772
0.777
0.775
0.772
0.782
0.772
0.753
0.777
0.772
0.773
0.783
0.78
0.783
0.773
0.771
0.749
0.77
0.792
0.785
0.774
0.789
0.78
0.767
0.78
0.8
0.761
0.771
0.763
0.8
0.779
0.774
0.789
0.773
0.77
0.756
0.761
0.775
0.773
0.748
0.759
0.785
0.801
0.775
0.755
0.78
0.79
0.767
0.762
0.771
0.796
0.768
0.805
0.758
0.775
0.792
0.795
0.77
0.7645
0.729
0.785
0.759
0.778
0.775
0.793
0.783
0.762
0.747
0.773
0.778
0.784
0.789
0.779
0.742
0.768
0.764
0.788
0.782
0.772
0.757
0.774
0.787
0.78
0.771
0.778
0.759
0.807
0.769
0.791
0.776
0.769
0.777
0.78
0.778
0.762
0.783
0.784
0.765
0.767
0.791
0.766
0.77
0.762
0.768
0.791
0.777
0.766
0.787
0.794
0.78
0.78
0.771
0.773
0.785
0.791
0.776
0.784
0.779
0.774
0.768
0.791
0.761
0.754
0.774
0.777
0.744
0.776
0.785
0.788
0.762
0.776
0.777
0.788
0.749
0.748
0.78
0.774
0.788
0.768
0.747
0.764
0.778
0.773
0.761
0.781
0.781
0.771
0.774
0.779
0.754
0.768
0.791
0.749
0.747
0.765
0.782
0.776
0.781
0.783
0.773
0.756
0.772
0.755
0.778
0.769
0.78
0.777
0.759
0.776
0.764
0.75
0.794
0.762
0.773
0.764
0.79
0.762
0.753
0.766
0.79
0.769
0.774
0.774
0.801
0.761
0.788
0.781
0.764
0.779
0.757
0.749
0.787
0.768
0.762
0.767
0.77
0.743
0.783
0.772
0.753
0.81
0.76
0.757
0.772
0.769
0.751
0.77
0.779
0.788
0.759
0.768
0.805
0.754
0.774
0.788
0.789
0.765
0.777
0.765
0.741
0.769
0.765
0.728
0.773
0.747
0.764
0.79
0.785
0.768
0.782
0.791
0.786
0.774
0.795
0.78
0.768
0.79
0.759
0.772
0.753
0.76
0.774
0.765
0.768
0.777
0.775
0.773
0.773
0.769
0.762
0.763
0.765
0.783
0.762
0.775
0.787
0.755
0.769
0.756
0.751
0.744
0.769
0.769
0.76
0.768
0.771
0.757
0.774
0.782
0.757
0.768
0.779
0.774
0.751
0.755
0.743
0.779
0.8
0.773
0.775
0.791
0.763
0.761
0.754
0.749
0.771
0.759
0.783
0.75
0.784
0.776
0.759
0.761
0.763
0.787
0.759
0.778
0.788
0.77
0.761
0.77
0.777
0.768
0.759
0.772
0.782
0.775
0.781
0.768
0.778
0.767
0.757
0.776
0.754
0.764
0.785
0.768
0.759
0.78
0.766
0.766
0.754
0.785
0.755
0.777
0.788
0.764
0.76
0.769
0.759
0.768
0.769
0.749
0.793
0.76
0.781
