0.88
0.871
0.832
0.845
0.816
0.832
0.814
0.815
0.807
0.834
0.834
0.807
0.837
0.819
0.844
0.822
0.821
0.824
0.797
0.807
0.832
0.814
0.802
0.824
0.815
0.814
0.826
0.822
0.811
0.82
0.798
0.796
0.812
0.792
0.812
0.822
0.822
0.792
0.806
0.829
0.794
0.816
0.803
0.796
0.79
0.801
0.783
0.79
0.818
0.8
0.82
0.824
0.794
0.806
0.808
0.801
0.809
0.829
0.813
0.806
0.806
0.799
0.817
0.79
0.82
0.798
0.799
0.795
0.802
0.817
0.823
0.806
0.808
0.809
0.813
0.806
0.804
0.82
0.831
0.787
0.826
0.795
0.815
0.8
0.843
0.795
0.798
0.819
0.814
0.807
0.804
0.813
0.809
0.796
0.817
0.812
0.826
0.85
0.815
0.796
0.805
0.818
0.81
0.804
0.814
0.794
0.824
0.815
0.799
0.817
0.79
0.816
0.786
0.815
0.816
0.825
0.801
0.813
0.781
0.819
0.809
0.792
0.827
0.802
0.798
0.806
0.803
0.812
0.804
0.813
0.812
0.81
0.777
0.825
0.794
0.807
0.823
0.828
0.813
0.804
0.807
0.795
0.818
0.827
0.814
0.791
0.828
0.804
0.814
0.797
0.815
0.802
0.804
0.81
0.797
0.798
0.796
0.805
0.808
0.795
0.824
0.809
0.804
0.813
0.794
0.819
0.779
0.803
0.825
0.823
0.813
0.798
0.819
0.825
0.824
0.814
0.807
0.811
0.803
0.793
0.794
0.833
0.797
0.795
0.801
0.792
0.819
0.803
0.786
0.822
0.809
0.817
0.805
0.8
0.812
0.818
0.82
0.824
0.803
0.808
0.798
0.819
0.817
0.806
0.807
0.822
0.823
0.794
0.807
0.811
0.799
0.81
0.776
0.78
0.817
0.791
0.828
0.798
0.809
0.82
0.828
0.804
0.817
0.814
0.81
0.802
0.823
0.798
0.782
0.806
0.799
0.815
0.82
0.815
0.804
0.819
0.808
0.78
0.833
0.805
0.832
0.822
0.826
0.804
0.82
0.801
0.812
0.812
0.827
0.819
0.8
0.805
0.797
0.812
0.804
0.811
0.797
0.809
0.813
0.811
0.806
0.821
0.794
0.806
0.804
0.808
0.775
0.812
0.812
0.817
0.826
0.808
0.803
0.798
0.779
0.804
0.811
0.809
0.793
0.8
0.813
0.802
0.805
0.809
0.804
0.777
0.833
0.816
0.798
0.796
0.818
0.824
0.799
0.807
0.796
0.81
0.813
0.815
0.811
0.812
0.797
0.807
0.833
0.804
0.794
0.813
0.802
0.796
0.808
0.789
0.79
0.814
0.807
0.825
0.821
0.809
0.812
0.809
0.802
0.808
0.81
0.806
0.809
0.822
0.802
0.818
0.805
0.812
0.812
0.792
0.819
0.82
0.81
0.797
0.804
0.803
0.81
0.828
0.835
0.801
0.801
0.833
0.814
0.784
0.799
0.817
0.814
0.82
0.801
0.813
0.801
0.803
0.837
0.835
0.8
0.803
0.808
0.812
0.792
0.817
0.803
0.799
0.81
0.814
0.803
0.807
0.819
0.806
0.817
0.814
0.814
0.814
0.795
0.792
0.814
0.838
0.802
0.832
0.792
0.799
0.811
0.792
0.81
0.805
0.8
0.811
0.821
0.81
0.791
0.795
0.798
0.789
0.823
0.796
0.806
0.832
0.807
0.83
0.8
0.814
0.824
0.817
0.798
0.796
0.805
0.794
0.811
0.813
0.805
0.813
0.813
0.809
0.82
0.794
0.776
0.786
0.792
0.818
0.811
0.806
0.813
0.814
0.805
0.81
0.814
0.816
0.785
0.799
0.806
0.797
0.791
0.78
0.818
0.819
0.797
0.797
0.796
0.822
0.798
0.817
0.821
0.821
0.816
0.828
0.806
0.802
0.803
0.821
0.807
0.817
0.808
0.802
0.8
0.825
0.82
0.802
0.818
0.801
0.82
0.819
0.819
0.811
0.793
0.81
0.805
0.813
0.836
0.813
0.793
0.807
0.813
0.811
0.816
0.812
0.811
0.79
0.779
0.792
0.805
0.803
0.83
0.784
0.818
0.812
0.813
0.831
0.828
0.838
0.812
0.822
0.795
0.798
0.807
0.812
0.822
0.802
0.803
0.796
0.823
0.817
0.808
0.805
0.796
0.819
0.79
0.809
0.809
0.79
0.813
0.821
0.817
0.805
0.804
0.819
0.797
0.804
0.812
0.801
0.814
0.827
0.815
0.808
0.8
0.8
0.783
0.812
0.804
0.81
0.814
0.801
0.808
0.799
0.803
0.801
0.802
0.812
0.807
0.819
0.822
0.825
0.806
0.8
0.832
0.827
0.805
0.829
0.823
0.811
0.782
0.803
0.779
0.826
0.794
0.806
0.794
0.812
0.795
0.805
0.827
0.815
0.814
0.801
0.819
0.792
0.833
0.806
0.789
0.828
0.801
0.807
0.818
0.823
0.807
0.797
0.809
0.808
0.805
0.807
0.81
0.771
0.807
0.795
0.804
0.829
0.823
0.823
0.822
0.809
0.793
0.807
0.804
0.81
0.784
0.822
0.795
0.815
0.796
0.801
0.81
0.803
0.825
0.811
0.776
0.798
0.813
0.813
0.814
0.795
0.829
0.79
0.808
0.813
0.82
0.805
0.794
0.8
0.811
0.812
0.816
0.802
0.8
0.802
0.807
0.807
0.791
0.811
0.821
0.815
0.818
0.824
0.824
0.805
0.817
0.815
0.783
0.803
0.803
0.832
0.816
0.796
0.827
0.796
0.796
0.788
0.808
0.801
0.82
0.796
0.797
0.825
0.84
0.813
0.791
0.797
0.827
0.812
0.796
0.809
0.82
0.797
0.839
0.794
0.826
0.81
0.828
0.793
0.798
0.771
0.817
0.799
0.816
0.809
0.798
0.811
0.795
0.78
0.799
0.797
0.82
0.826
0.801
0.782
0.797
0.793
0.825
0.821
0.813
0.82
0.816
0.825
0.826
0.807
0.815
0.797
0.826
0.807
0.813
0.826
0.804
0.819
0.813
0.813
0.798
0.792
0.815
0.812
0.815
0.824
0.79
0.796
0.797
0.788
0.823
0.822
0.814
0.819
0.812
0.8
0.822
0.819
0.81
0.808
0.812
0.812
0.808
0.824
0.806
0.801
0.814
0.794
0.801
0.812
0.81
0.791
0.813
0.823
0.834
0.795
0.813
0.813
0.796
0.784
0.788
0.802
0.817
0.816
0.804
0.811
0.796
0.822
0.79
0.793
0.811
0.797
0.81
0.82
0.814
0.792
0.806
0.813
0.791
0.812
0.817
0.802
0.825
0.821
0.816
0.797
0.799
0.806
0.797
0.817
0.825
0.821
0.796
0.8
0.823
0.8
0.785
0.805
0.816
0.806
0.791
0.799
0.802
0.806
0.805
0.824
0.801
0.815
0.812
0.826
0.814
0.832
0.83
0.797
0.813
0.799
0.789
0.809
0.797
0.811
0.808
0.804
0.778
0.817
0.818
0.803
0.857
0.801
0.795
0.803
0.804
0.802
0.807
0.799
0.835
0.802
0.814
0.826
0.805
0.814
0.834
0.817
0.797
0.807
0.809
0.764
0.799
0.806
0.779
0.812
0.795
0.813
0.819
0.823
0.791
0.801
0.825
0.806
0.819
0.832
0.805
0.8
0.823
0.806
0.798
0.798
0.792
0.809
0.799
0.809
0.816
0.807
0.816
0.811
0.803
0.801
0.808
0.804
0.813
0.818
0.822
0.805
0.817
0.809
0.803
0.799
0.79
0.826
0.814
0.821
0.821
0.811
0.8
0.799
0.813
0.795
0.804
0.806
0.805
0.793
0.808
0.791
0.812
0.819
0.814
0.801
0.81
0.795
0.795
0.803
0.79
0.794
0.799
0.825
0.786
0.821
0.798
0.796
0.791
0.801
0.814
0.808
0.82
0.837
0.797
0.796
0.818
0.825
0.822
0.802
0.804
0.813
0.817
0.808
0.809
0.802
0.818
0.785
0.813
0.796
0.821
0.828
0.812
0.801
0.81
0.799
0.789
0.797
0.818
0.806
0.817
0.844
0.807
0.808
0.81
0.803
0.812
0.813
0.805
0.829
0.809
0.801
