0.923
0.929
0.9
0.906
0.889
0.911
0.896
0.901
0.882
0.899
0.895
0.884
0.901
0.879
0.886
0.888
0.891
0.879
0.863
0.865
0.891
0.876
0.891
0.882
0.879
0.877
0.885
0.889
0.872
0.886
0.871
0.865
0.876
0.862
0.877
0.888
0.89
0.874
0.881
0.892
0.866
0.897
0.862
0.856
0.857
0.861
0.864
0.867
0.867
0.856
0.877
0.873
0.872
0.882
0.864
0.862
0.868
0.884
0.869
0.864
0.865
0.864
0.873
0.861
0.892
0.86
0.865
0.86
0.88
0.865
0.881
0.859
0.862
0.876
0.88
0.862
0.864
0.863
0.881
0.853
0.881
0.861
0.869
0.848
0.895
0.861
0.847
0.859
0.877
0.867
0.874
0.876
0.868
0.868
0.88
0.871
0.871
0.896
0.875
0.859
0.868
0.871
0.884
0.869
0.877
0.85
0.876
0.878
0.854
0.881
0.868
0.872
0.844
0.865
0.876
0.88
0.863
0.875
0.848
0.88
0.86
0.847
0.871
0.854
0.865
0.873
0.856
0.865
0.865
0.863
0.874
0.867
0.839
0.872
0.867
0.873
0.874
0.861
0.861
0.863
0.866
0.86
0.862
0.883
0.856
0.845
0.89
0.868
0.868
0.856
0.868
0.847
0.875
0.875
0.867
0.856
0.854
0.853
0.873
0.862
0.867
0.859
0.87
0.867
0.855
0.867
0.841
0.864
0.879
0.871
0.871
0.847
0.858
0.879
0.871
0.853
0.857
0.864
0.859
0.849
0.856
0.873
0.856
0.853
0.862
0.847
0.874
0.855
0.856
0.875
0.86
0.864
0.861
0.861
0.854
0.871
0.867
0.866
0.857
0.858
0.856
0.864
0.873
0.857
0.88
0.878
0.884
0.849
0.86
0.864
0.853
0.854
0.848
0.833
0.873
0.851
0.877
0.852
0.857
0.853
0.877
0.857
0.88
0.868
0.868
0.859
0.874
0.856
0.836
0.86
0.85
0.869
0.872
0.863
0.839
0.875
0.857
0.828
0.878
0.862
0.874
0.86
0.878
0.853
0.861
0.866
0.859
0.853
0.87
0.877
0.854
0.849
0.857
0.859
0.858
0.855
0.862
0.869
0.854
0.874
0.861
0.859
0.848
0.857
0.861
0.854
0.839
0.859
0.849
0.87
0.873
0.855
0.863
0.843
0.855
0.847
0.862
0.853
0.846
0.854
0.867
0.847
0.861
0.862
0.858
0.842
0.884
0.871
0.855
0.851
0.867
0.868
0.851
0.859
0.84
0.861
0.858
0.869
0.863
0.869
0.842
0.854
0.867
0.859
0.841
0.849
0.862
0.865
0.863
0.847
0.854
0.854
0.846
0.86
0.879
0.86
0.86
0.846
0.855
0.878
0.861
0.856
0.856
0.875
0.87
0.857
0.856
0.85
0.846
0.843
0.864
0.863
0.855
0.875
0.847
0.857
0.867
0.859
0.872
0.865
0.858
0.866
0.866
0.844
0.851
0.872
0.863
0.87
0.847
0.871
0.867
0.851
0.882
0.872
0.86
0.858
0.849
0.857
0.858
0.862
0.86
0.852
0.862
0.853
0.85
0.852
0.861
0.861
0.857
0.859
0.863
0.852
0.846
0.847
0.87
0.887
0.856
0.88
0.845
0.856
0.855
0.843
0.855
0.846
0.843
0.863
0.861
0.88
0.837
0.842
0.86
0.854
0.875
0.843
0.871
0.858
0.852
0.861
0.857
0.857
0.87
0.864
0.839
0.858
0.866
0.854
0.863
0.856
0.845
0.867
0.862
0.858
0.863
0.838
0.835
0.849
0.834
0.867
0.866
0.846
0.857
0.866
0.856
0.847
0.863
0.856
0.847
0.844
0.852
0.858
0.841
0.838
0.862
0.856
0.846
0.852
0.849
0.868
0.836
0.857
0.862
0.859
0.857
0.875
0.866
0.851
0.846
0.866
0.849
0.854
0.86
0.85
0.863
0.866
0.863
0.859
0.858
0.86
0.865
0.866
0.864
0.843
0.836
0.855
0.842
0.857
0.861
0.857
0.843
0.859
0.86
0.848
0.866
0.868
0.864
0.855
0.851
0.85
0.856
0.858
0.865
0.844
0.841
0.866
0.85
0.867
0.878
0.881
0.863
0.856
0.844
0.853
0.856
0.848
0.865
0.848
0.837
0.852
0.875
0.853
0.849
0.852
0.861
0.856
0.841
0.862
0.847
0.848
0.855
0.865
0.871
0.868
0.84
0.858
0.846
0.871
0.864
0.856
0.875
0.864
0.866
0.848
0.865
0.843
0.829
0.859
0.841
0.866
0.874
0.852
0.841
0.863
0.85
0.855
0.844
0.843
0.865
0.848
0.87
0.868
0.849
0.85
0.868
0.868
0.853
0.864
0.873
0.859
0.83
0.836
0.831
0.872
0.836
0.843
0.831
0.844
0.843
0.854
0.863
0.868
0.853
0.846
0.87
0.847
0.868
0.849
0.837
0.869
0.855
0.854
0.854
0.854
0.851
0.833
0.864
0.847
0.86
0.845
0.847
0.823
0.85
0.847
0.851
0.867
0.867
0.86
0.872
0.859
0.839
0.845
0.854
0.854
0.834
0.872
0.845
0.858
0.841
0.848
0.859
0.85
0.866
0.862
0.832
0.853
0.847
0.865
0.874
0.842
0.873
0.833
0.85
0.849
0.854
0.854
0.842
0.847
0.861
0.862
0.85
0.84
0.85
0.863
0.85
0.847
0.839
0.853
0.853
0.861
0.84
0.862
0.872
0.86
0.848
0.869
0.837
0.856
0.859
0.873
0.851
0.852
0.874
0.856
0.837
0.846
0.851
0.847
0.86
0.842
0.842
0.867
0.884
0.856
0.846
0.844
0.865
0.859
0.838
0.854
0.867
0.84
0.872
0.846
0.871
0.858
0.864
0.829
0.8395
0.828
0.854
0.849
0.854
0.853
0.847
0.848
0.841
0.838
0.842
0.835
0.861
0.87
0.857
0.841
0.851
0.845
0.864
0.872
0.854
0.855
0.852
0.872
0.867
0.841
0.853
0.842
0.864
0.847
0.854
0.875
0.835
0.865
0.856
0.862
0.841
0.849
0.862
0.839
0.858
0.874
0.842
0.834
0.84
0.842
0.856
0.86
0.868
0.859
0.845
0.85
0.86
0.863
0.858
0.851
0.853
0.863
0.844
0.865
0.848
0.851
0.877
0.843
0.838
0.856
0.853
0.843
0.848
0.864
0.861
0.84
0.851
0.86
0.855
0.833
0.84
0.845
0.85
0.869
0.852
0.855
0.834
0.851
0.833
0.841
0.851
0.846
0.85
0.87
0.847
0.846
0.854
0.853
0.835
0.837
0.858
0.84
0.863
0.859
0.846
0.856
0.851
0.852
0.838
0.848
0.859
0.872
0.838
0.846
0.861
0.847
0.836
0.874
0.854
0.845
0.845
0.848
0.845
0.851
0.85
0.87
0.849
0.855
0.853
0.877
0.856
0.861
0.862
0.839
0.847
0.843
0.846
0.864
0.84
0.853
0.853
0.868
0.827
0.856
0.845
0.846
0.878
0.846
0.833
0.849
0.852
0.858
0.843
0.862
0.872
0.846
0.86
0.858
0.859
0.857
0.874
0.857
0.846
0.849
0.85
0.824
0.837
0.838
0.831
0.843
0.841
0.845
0.861
0.859
0.843
0.853
0.853
0.851
0.861
0.866
0.86
0.843
0.867
0.852
0.855
0.851
0.831
0.861
0.862
0.848
0.859
0.857
0.856
0.854
0.842
0.84
0.847
0.843
0.859
0.872
0.87
0.853
0.847
0.85
0.855
0.852
0.834
0.874
0.852
0.861
0.864
0.851
0.848
0.835
0.854
0.829
0.849
0.847
0.847
0.839
0.853
0.843
0.866
0.862
0.871
0.842
0.861
0.838
0.846
0.847
0.843
0.846
0.852
0.862
0.831
0.853
0.839
0.839
0.846
0.854
0.852
0.85
0.849
0.872
0.841
0.84
0.845
0.861
0.869
0.852
0.846
0.871
0.86
0.842
0.846
0.854
0.866
0.841
0.865
0.844
0.862
0.855
0.857
0.853
0.838
0.85
0.842
0.844
0.862
0.849
0.8615
0.876
0.852
0.853
0.846
0.85
0.852
0.86
0.862
0.876
0.862
0.853
