0.978
0.966
0.959
0.961
0.953
0.963
0.959
0.947
0.953
0.95
0.949
0.944
0.961
0.946
0.947
0.942
0.947
0.942
0.938
0.947
0.941
0.947
0.94
0.943
0.937
0.928
0.943
0.943
0.942
0.95
0.943
0.932
0.945
0.932
0.937
0.939
0.935
0.937
0.939
0.936
0.93
0.943
0.928
0.921
0.913
0.928
0.931
0.93
0.944
0.927
0.935
0.932
0.937
0.934
0.929
0.937
0.931
0.933
0.928
0.918
0.927
0.922
0.938
0.921
0.938
0.923
0.927
0.927
0.936
0.918
0.927
0.942
0.928
0.938
0.934
0.931
0.921
0.916
0.93
0.926
0.929
0.93
0.926
0.92
0.933
0.918
0.92
0.913
0.937
0.929
0.917
0.919
0.936
0.92
0.931
0.925
0.932
0.94
0.929
0.922
0.927
0.927
0.934
0.918
0.938
0.908
0.93
0.934
0.917
0.921
0.922
0.924
0.917
0.931
0.932
0.933
0.912
0.933
0.9
0.925
0.922
0.91
0.927
0.918
0.915
0.925
0.915
0.923
0.921
0.911
0.923
0.924
0.907
0.927
0.932
0.923
0.936
0.909
0.919
0.926
0.928
0.919
0.906
0.929
0.908
0.902
0.928
0.926
0.921
0.914
0.93
0.902
0.926
0.924
0.923
0.909
0.916
0.918
0.927
0.919
0.916
0.913
0.916
0.918
0.923
0.917
0.904
0.913
0.915
0.934
0.92
0.899
0.914
0.923
0.93
0.916
0.909
0.924
0.909
0.916
0.908
0.916
0.904
0.915
0.917
0.906
0.924
0.915
0.913
0.923
0.917
0.925
0.919
0.91
0.921
0.915
0.923
0.927
0.909
0.905
0.911
0.91
0.921
0.924
0.918
0.932
0.911
0.91
0.914
0.914
0.904
0.91
0.911
0.887
0.92
0.911
0.918
0.906
0.906
0.912
0.921
0.904
0.922
0.922
0.91
0.909
0.93
0.909
0.897
0.908
0.901
0.915
0.92
0.912
0.903
0.926
0.92
0.897
0.928
0.922
0.919
0.913
0.926
0.905
0.906
0.92
0.909
0.904
0.913
0.928
0.902
0.907
0.909
0.907
0.913
0.911
0.92
0.91
0.903
0.909
0.906
0.912
0.91
0.905
0.923
0.912
0.903
0.906
0.897
0.923
0.921
0.917
0.911
0.9
0.926
0.905
0.911
0.913
0.9
0.92
0.914
0.91
0.915
0.896
0.908
0.904
0.925
0.922
0.906
0.895
0.922
0.911
0.921
0.912
0.902
0.911
0.896
0.913
0.914
0.915
0.901
0.895
0.915
0.906
0.908
0.899
0.91
0.911
0.922
0.897
0.913
0.909
0.908
0.913
0.918
0.912
0.898
0.897
0.899
0.918
0.903
0.905
0.903
0.911
0.922
0.913
0.905
0.902
0.892
0.896
0.921
0.916
0.915
0.919
0.898
0.909
0.916
0.911
0.909
0.906
0.913
0.912
0.904
0.895
0.909
0.911
0.908
0.919
0.902
0.908
0.906
0.921
0.921
0.916
0.907
0.901
0.906
0.903
0.905
0.915
0.9
0.889
0.898
0.893
0.908
0.905
0.909
0.906
0.918
0.907
0.911
0.908
0.897
0.91
0.917
0.922
0.904
0.928
0.896
0.905
0.913
0.907
0.904
0.909
0.894
0.911
0.906
0.921
0.894
0.9
0.903
0.903
0.92
0.891
0.919
0.903
0.903
0.921
0.911
0.903
0.919
0.918
0.894
0.893
0.916
0.91
0.913
0.905
0.906
0.909
0.904
0.904
0.915
0.893
0.892
0.901
0.888
0.919
0.916
0.92
0.905
0.902
0.91
0.902
0.918
0.92
0.898
0.901
0.905
0.907
0.892
0.904
0.916
0.906
0.893
0.893
0.906
0.91
0.89
0.902
0.906
0.908
0.906
0.911
0.909
0.896
0.906
0.903
0.904
0.904
0.907
0.885
0.906
0.912
0.902
0.901
0.904
0.911
0.911
0.91
0.906
0.897
0.887
0.921
0.904
0.908
0.913
0.903
0.896
0.914
0.905
0.895
0.903
0.905
0.898
0.904
0.897
0.896
0.9
0.903
0.909
0.88
0.898
0.909
0.906
0.914
0.919
0.923
0.91
0.91
0.896
0.89
0.903
0.896
0.915
0.891
0.89
0.906
0.912
0.913
0.901
0.903
0.901
0.902
0.892
0.914
0.888
0.903
0.903
0.911
0.908
0.907
0.901
0.903
0.89
0.912
0.916
0.909
0.912
0.912
0.909
0.889
0.902
0.898
0.894
0.911
0.897
0.916
0.903
0.896
0.889
0.902
0.91
0.89
0.904
0.898
0.889
0.896
0.915
0.907
0.902
0.904
0.909
0.914
0.913
0.906
0.915
0.905
0.892
0.897
0.895
0.926
0.888
0.892
0.88
0.908
0.9
0.898
0.914
0.919
0.902
0.893
0.917
0.898
0.91
0.91
0.903
0.917
0.908
0.903
0.907
0.913
0.899
0.896
0.915
0.899
0.909
0.886
0.893
0.888
0.902
0.895
0.891
0.919
0.903
0.913
0.91
0.894
0.901
0.899
0.9
0.898
0.89
0.917
0.904
0.89
0.886
0.896
0.899
0.904
0.915
0.917
0.895
0.903
0.911
0.914
0.917
0.902
0.929
0.894
0.903
0.903
0.908
0.901
0.909
0.898
0.909
0.905
0.889
0.899
0.893
0.923
0.907
0.896
0.889
0.894
0.903
0.907
0.898
0.913
0.918
0.908
0.909
0.899
0.89
0.897
0.908
0.925
0.918
0.891
0.919
0.902
0.891
0.9
0.9
0.901
0.903
0.9
0.893
0.916
0.921
0.903
0.876
0.896
0.911
0.905
0.892
0.899
0.901
0.895
0.912
0.901
0.911
0.911
0.901
0.897
0.887
0.887
0.904
0.9
0.902
0.897
0.905
0.888
0.891
0.887
0.899
0.879
0.913
0.908
0.904
0.89
0.898
0.899
0.902
0.913
0.898
0.901
0.902
0.911
0.908
0.89
0.908
0.894
0.915
0.896
0.91
0.902
0.899
0.904
0.908
0.904
0.893
0.896
0.911
0.909
0.913
0.907
0.897
0.883
0.895
0.894
0.9
0.908
0.916
0.898
0.894
0.9
0.902
0.902
0.901
0.898
0.92
0.909
0.905
0.912
0.903
0.902
0.912
0.89
0.887
0.901
0.903
0.881
0.893
0.906
0.913
0.897
0.898
0.908
0.901
0.886
0.888
0.897
0.907
0.913
0.891
0.888
0.894
0.9
0.884
0.892
0.915
0.893
0.891
0.912
0.906
0.892
0.896
0.898
0.903
0.898
0.896
0.895
0.905
0.906
0.901
0.903
0.899
0.894
0.894
0.895
0.908
0.908
0.887
0.902
0.91
0.891
0.885
0.906
0.901
0.894
0.894
0.902
0.897
0.913
0.915
0.917
0.896
0.908
0.905
0.914
0.894
0.901
0.908
0.904
0.898
0.895
0.907
0.91
0.899
0.9
0.911
0.895
0.889
0.913
0.909
0.895
0.923
0.889
0.904
0.888
0.904
0.906
0.9
0.91
0.91
0.903
0.906
0.9
0.91
0.902
0.903
0.912
0.894
0.894
0.895
0.887
0.899
0.896
0.891
0.906
0.894
0.9
0.914
0.91
0.899
0.907
0.892
0.893
0.916
0.919
0.897
0.89
0.905
0.912
0.903
0.885
0.892
0.907
0.905
0.908
0.895
0.907
0.902
0.906
0.893
0.889
0.889
0.897
0.906
0.924
0.914
0.899
0.911
0.9
0.899
0.896
0.897
0.907
0.904
0.909
0.917
0.917
0.901
0.885
0.907
0.901
0.906
0.905
0.896
0.897
0.888
0.906
0.911
0.896
0.918
0.889
0.91
0.891
0.903
0.906
0.891
0.902
0.898
0.896
0.891
0.905
0.9
0.9
0.893
0.899
0.911
0.901
0.893
0.923
0.9
0.896
0.893
0.914
0.907
0.89
0.891
0.907
0.906
0.899
0.896
0.909
0.896
0.89
0.91
0.902
0.902
0.918
0.907
0.899
0.896
0.899
0.902
0.901
0.909
0.902
0.908
0.923
0.918
0.899
0.905
0.891
0.897
0.91
0.898
0.917
0.904
0.911
