0.933
0.8965
0.8765
0.86325
0.8255
0.8315
0.81925
0.80825
0.80575
0.8005
0.7835
0.767
0.7945
0.77575
0.78175
0.7775
0.77525
0.7715
0.77825
0.7785
0.76625
0.77425
0.775
0.767
0.7795
0.77375
0.775
0.77
0.76925
0.761
0.76275
0.7605
0.76525
0.7585
0.77025
0.76025
0.76275
0.75525
0.75525
0.74925
0.754
0.743
0.76075
0.75975
0.75925
0.751
0.747
0.75525
0.7525
0.75975
0.75925
0.75275
0.749
0.7375
0.75675
0.752
0.75325
0.74225
0.75375
0.75675
0.7645
0.7545
0.754
0.74125
0.75425
0.753
0.74875
0.75725
0.74575
0.74975
0.74125
0.75075
0.75325
0.74625
0.7575
0.756
0.74775
0.74325
0.75275
0.75075
0.7545
0.74675
0.7515
0.751
0.759
0.7405
0.74875
0.74125
0.762
0.75475
0.75
0.75
0.749
0.74775
0.739
0.7385
0.754
0.73475
0.7535
0.75025
0.74775
0.74725
0.7545
0.73275
0.7485
0.75025
0.7335
0.73525
0.74525
0.75025
0.7565
0.752
0.74425
0.756
0.75625
0.74375
0.74975
0.74875
0.75675
0.73075
0.75225
0.76025
0.75575
0.74925
0.746
0.7485
0.746
0.74575
0.7355
0.74825
0.75
0.74525
0.73875
0.74875
0.75825
0.74975
0.7465
0.73475
0.7395
0.737
0.74175
0.76125
0.748
0.74775
0.74025
0.74
0.759
0.7515
0.74025
0.74
0.7435
0.74075
0.74925
0.73775
0.7455
0.73625
0.74775
0.75075
0.7395
0.744
0.748
0.73925
0.74225
0.74325
0.748
0.753
0.73325
0.74175
0.7435
0.74925
0.7465
0.74275
0.755
0.74575
0.752
0.7425
0.74175
0.7405
0.74375
0.75775
0.74525
0.7515
0.736
0.73425
0.75375
0.73425
0.7455
0.746
0.754
0.7395
0.74
0.74575
0.73275
0.7505
0.74275
0.735
0.747
0.75025
0.74925
0.73475
0.74775
0.74
0.75
0.74575
0.75075
0.7435
0.746
0.72575
0.73775
0.75
0.7545
0.7325
0.74
0.751
0.743
0.7415
0.74625
0.72675
0.7435
0.74425
0.7345
0.73775
0.735
0.7295
0.742
0.7355
0.7485
0.73625
0.75075
0.74725
0.7355
0.738
0.72925
0.75425
0.7325
0.747
0.74075
0.74825
0.74125
0.7345
0.74175
0.746
0.7475
0.74825
0.74575
0.74225
0.752
0.7475
0.7405
0.749
0.732
0.7505
0.7445
0.75175
0.7435
0.74525
0.75775
0.75525
0.7405
0.73725
0.74825
0.7445
0.732
0.7465
0.7355
0.74475
0.737
0.75
0.7405
0.74975
0.74475
0.75825
0.74825
0.739
0.75375
0.748
0.75325
0.7365
0.74425
0.7425
0.75425
0.74875
0.7415
0.75675
0.74675
0.745
0.74525
0.74975
0.73925
0.74425
0.74175
0.7425
0.74125
0.75075
0.73975
0.7435
0.7375
0.75475
0.73875
0.75675
0.7495
0.73425
0.74225
0.74825
0.74025
0.741
0.7435
0.74875
0.74175
0.73725
0.7415
0.75125
0.74225
0.74125
0.74575
0.74475
0.741
0.74675
0.754
0.7455
0.7435
0.7305
0.7355
0.74
0.7295
0.736
0.7475
0.73225
0.74425
0.746
0.7375
0.73775
0.74225
0.7445
0.7365
0.742
0.74225
0.752
0.7465
0.7415
0.74
0.75375
0.75525
0.74375
0.7495
0.74325
0.7455
0.73025
0.7415
0.72775
0.7485
0.76
0.74025
0.74225
0.7545
0.74675
0.73475
0.7355
0.75525
0.7445
0.723
0.74175
0.73725
0.73125
0.75075
0.74775
0.7465
0.746
0.75075
0.74675
0.73075
0.748
0.73375
0.73875
0.737
0.7495
0.74325
0.737
0.736
0.7511877969492373
