0.916
0.91125
0.899
0.886
0.85575
0.856
0.8515
0.83375
0.81725
0.81975
0.80125
0.7835
0.8055
0.7895
0.80375
0.78675
0.7905
0.79125
0.7925
0.792
0.78575
0.7885
0.78375
0.7785
0.78725
0.779
0.7795
0.77725
0.772
0.76775
0.76975
0.76775
0.7705
0.76725
0.77825
0.76625
0.77
0.76375
0.7625
0.75675
0.768
0.74775
0.768
0.772
0.769
0.75925
0.76125
0.76625
0.76
0.76375
0.76475
0.761
0.76075
0.74775
0.76875
0.76425
0.7635
0.7525
0.76075
0.76425
0.77325
0.75475
0.7625
0.7515
0.7615
0.761
0.75625
0.76025
0.7475
0.7575
0.751
0.75075
0.75375
0.751
0.76675
0.7605
0.75275
0.749
0.75825
0.75775
0.755
0.75375
0.75175
0.757
0.76075
0.75375
0.75075
0.75175
0.7685
0.75625
0.754
0.7595
0.76075
0.756
0.742
0.744
0.757
0.7465
0.76125
0.76625
0.75875
0.7515
0.756
0.74125
0.756
0.7535
0.739
0.74375
0.74875
0.757
0.76875
0.758
0.75425
0.7575
0.75825
0.75325
0.7605
0.754
0.75525
0.7385
0.7545
0.76475
0.76175
0.7575
0.75025
0.7555
0.74475
0.7525
0.73875
0.749
0.752
0.7525
0.744
0.75375
0.762
0.756
0.755
0.7425
0.743
0.745
0.75275
0.76675
0.7465
0.75325
0.74175
0.7455
0.764
0.7505
0.74725
0.73875
0.74975
0.74725
0.76025
0.738
0.74925
0.73825
0.74875
0.75575
0.7465
0.742
0.75125
0.73975
0.75275
0.74875
0.75425
0.75875
0.7385
0.744
0.7515
0.74275
0.7515
0.7415
0.7595
0.75325
0.749
0.74675
0.74875
0.7435
0.75125
0.75575
0.746
0.757
0.741
0.74425
0.755
0.737
0.7515
0.74875
0.754
0.74375
0.747
0.74925
0.73925
0.75425
0.745
0.7435
0.747
0.756
0.75275
0.73875
0.748
0.74475
0.75275
0.75375
0.7505
0.748
0.74575
0.73275
0.746
0.759
0.75825
0.74225
0.742
0.752
0.75125
0.748
0.75275
0.72725
0.75
0.749
0.742
0.741
0.74225
0.737
0.75
0.7415
0.761
0.74225
0.75225
0.75325
0.7395
0.74975
0.74375
0.76025
0.735
0.74825
0.74125
0.75475
0.74925
0.74025
0.74475
0.75625
0.75275
0.7485
0.7465
0.741
0.75225
0.75525
0.7435
0.75475
0.7365
0.75925
0.75075
0.756
0.7485
0.74875
0.7585
0.75875
0.7435
0.741
0.7485
0.74975
0.7385
0.747
0.742
0.74925
0.74425
0.761
0.7395
0.7525
0.74825
0.758
0.75375
0.74675
0.757
0.751
0.75625
0.747
0.74425
0.74875
0.7585
0.752
0.7435
0.758
0.75525
0.747
0.74625
0.755
0.741
0.7505
0.74225
0.74875
0.745
0.753
0.749
0.744
0.744
0.75275
0.7405
0.7615
0.7525
0.73875
0.74225
0.75125
0.7485
0.743
0.75175
0.75475
0.74275
0.73925
0.74575
0.75175
0.744
0.747
0.75
0.74775
0.74475
0.7535
0.75825
0.75225
0.749
0.74175
0.74275
0.748
0.7385
0.738
0.7515
0.73525
0.7495
0.74525
0.74375
0.742
0.74525
0.746
0.743
0.74125
0.7465
0.753
0.74825
0.748
0.741
0.7575
0.7545
0.7445
0.75525
0.7485
0.7485
0.73975
0.74175
0.738
0.753
0.7695
0.74175
0.748
0.75875
0.74525
0.73775
0.7415
0.75325
0.74575
0.73
0.7425
0.746
0.739
0.75375
0.74925
0.74975
0.75175
0.7515
0.7515
0.7385
0.751
0.744
0.75375
0.7405
0.75225
0.74475
0.742
0.73625
0.7526881720430108
