0.85525
0.867
0.88075
0.89475
0.87225
0.89475
0.8885
0.88375
0.873
0.88
0.8905
0.85575
0.873
0.9
0.89375
0.88625
0.88
0.897
0.8875
0.8905
0.88125
0.881
0.8925
0.88975
0.88325
0.8845
0.88
0.87325
0.89125
0.8905
0.8825
0.88325
0.88725
0.877
0.8885
0.87575
0.88575
0.87075
0.88675
0.884
0.8875
0.86775
0.8775
0.8895
0.87425
0.88575
0.88
0.8885
0.8725
0.87675
0.8965
0.88325
0.86925
0.87625
0.87625
0.88725
0.88525
0.87725
0.88225
0.878
0.8905
0.87575
0.874
0.88625
0.88625
0.891
0.8805
0.88025
0.88125
0.87675
0.87325
0.8845
0.867
0.887
0.8685
0.8725
0.879
0.871
0.89125
0.88625
0.87225
0.882
0.8715
0.88175
0.886
0.87275
0.88525
0.86575
0.88075
0.877
0.888
0.88725
0.8845
0.88225
0.88125
0.876
0.88125
0.878
0.8895
0.884
0.86925
0.88275
0.86925
0.87275
0.874
0.883
0.8685
0.87475
0.8765
0.88875
0.88275
0.88325
0.88475
0.87425
0.88525
0.8795
0.885
0.88325
0.873
0.878
0.88575
0.87525
0.871
0.88
0.87625
0.88625
0.874
0.8735
0.8765
0.8845
0.868
0.8785
0.87775
0.87325
0.8785
0.86975
0.88175
0.87575
0.864
0.87375
0.882
0.8785
0.89275
0.86875
0.87875
0.87425
0.87725
0.886
0.8795
0.89
0.88
0.8825
0.87025
0.878
0.886
0.88075
0.8835
0.883
0.87625
0.877
0.88125
0.8825
0.8825
0.8785
0.87725
0.88175
0.87875
0.8725
0.87675
0.88
0.873
0.86975
0.8735
0.8845
0.8785
0.873
0.872
0.88225
0.87225
0.881
0.884
0.87425
0.86225
0.8725
0.887
0.877
0.872
0.87525
0.879
0.86975
0.881
0.886
0.875
0.86925
0.877
0.88375
0.882
0.88075
0.89075
0.879
0.87225
0.87975
0.8705
0.869
0.8845
0.87775
0.87225
0.8665
0.88175
0.87675
0.88
0.87925
0.88575
0.8725
0.86875
0.87525
0.87025
0.8625
0.8835
0.8715
0.87
0.88625
0.87
0.88325
0.86975
0.87625
0.874
0.881
0.879
0.8915
0.873
0.87375
0.8775
0.89175
0.86575
0.87225
0.886
0.878
0.873
0.869
0.87825
0.8865
0.87425
0.88375
0.88025
0.88
0.86675
0.87825
0.8785
0.86725
0.8755
0.87225
0.874
0.865
0.867
0.87125
0.87625
0.86775
0.8775
0.87075
0.87
0.883
0.8795
0.88275
0.87725
0.88475
0.86675
0.87775
0.87025
0.889
0.8695
0.886
0.88575
0.88625
0.88575
0.87725
0.87725
0.87825
0.87425
0.8715
0.859
0.8665
0.87525
0.876
0.8645
0.87675
0.87275
0.88075
0.88075
0.8745
0.87625
0.86825
0.87025
0.88475
0.87425
0.8905
0.87975
0.88725
0.865
0.88825
0.86775
0.88325
0.88025
0.88325
0.8725
0.8805
0.87725
0.87775
0.8785
0.8665
0.86975
0.86975
0.8675
0.88675
0.87825
0.887
0.88075
0.8875
0.88225
0.86675
0.881
0.881
0.87525
0.8785
0.88525
0.88
0.879
0.87875
0.87375
0.87625
0.874
0.87025
0.87825
0.89125
0.88125
0.8865
0.8685
0.8795
0.86525
0.86975
0.86725
0.88675
0.89325
0.88025
0.872
0.88325
0.87325
0.87625
0.87375
0.8705
0.873
0.884
0.87675
0.892
0.88175
0.8795
0.86925
0.8715
0.87
0.891
0.86525
0.8705
0.86875
0.8665
0.87975
0.8745
0.871
0.88
0.8805
0.88
0.8665
0.87925
0.883
0.88775
0.88875
0.87875
0.86875
0.8835
0.87125
0.8792198049512379
