0.9575
0.94775
0.93075
0.92275
0.904
0.90375
0.895
0.89225
0.88975
0.892
0.87025
0.86175
0.86725
0.86875
0.866
0.8575
0.84875
0.849
0.8525
0.849
0.84575
0.84025
0.851
0.83175
0.84325
0.8355
0.832
0.83625
0.83675
0.82625
0.83025
0.83275
0.82575
0.81225
0.81925
0.82675
0.8215
0.82025
0.824
0.80825
0.81275
0.7915
0.8105
0.82175
0.80775
0.80825
0.80275
0.80675
0.80675
0.81575
0.80975
0.81125
0.81025
0.7955
0.8025
0.802
0.803
0.7955
0.8095
0.7995
0.81375
0.79875
0.80725
0.79925
0.802
0.7975
0.7895
0.80225
0.7985
0.79325
0.78625
0.79475
0.78475
0.79625
0.8055
0.78875
0.7935
0.77775
0.79325
0.79025
0.7925
0.7925
0.7885
0.793
0.79375
0.7785
0.79225
0.78425
0.8045
0.787
0.7915
0.78725
0.793
0.78625
0.78425
0.77875
0.78675
0.774
0.78825
0.78775
0.78225
0.78375
0.78275
0.77425
0.78325
0.781
0.77775
0.7755
0.77775
0.77925
0.79175
0.7825
0.77725
0.7845
0.78225
0.7775
0.78525
0.7835
0.792
0.76775
0.79125
0.78475
0.786
0.791
0.78425
0.78275
0.781
0.78525
0.77075
0.78375
0.77625
0.77175
0.77725
0.776
0.79125
0.77775
0.77825
0.76375
0.775
0.77525
0.778
0.79175
0.786
0.7805
0.768
0.7685
0.7825
0.7785
0.7705
0.77025
0.77
0.77825
0.77375
0.77025
0.77625
0.77625
0.77475
0.7775
0.77725
0.77825
0.772
0.765
0.78
0.77275
0.77425
0.7825
0.77375
0.7625
0.7775
0.7705
0.76925
0.77575
0.774
0.77975
0.7775
0.774
0.77525
0.77175
0.77575
0.785
0.78025
0.77825
0.76775
0.7665
0.77675
0.76575
0.7775
0.765
0.77375
0.7675
0.764
0.77925
0.76475
0.776
0.762
0.77425
0.7685
0.77625
0.78175
0.7615
0.77025
0.767
0.77025
0.765
0.77375
0.7815
0.773
0.7505
0.7675
0.78175
0.78375
0.77175
0.76325
0.77225
0.76725
0.772
0.76825
0.7585
0.7645
0.7685
0.76475
0.774
0.772
0.759
0.7735
0.7675
0.77475
0.768
0.77225
0.77325
0.7625
0.772
0.76825
0.7745
0.763
0.76975
0.76575
0.7675
0.764
0.7655
0.76325
0.773
0.7735
0.771
0.76375
0.754
0.77825
0.76925
0.764
0.764
0.76125
0.7685
0.767
0.7705
0.77525
0.771
0.7715
0.77275
0.7665
0.76925
0.77
0.7615
0.75925
0.76825
0.7635
0.768
0.7655
0.77575
0.76325
0.765
0.77225
0.77475
0.7805
0.76375
0.7725
0.76175
0.77225
0.7615
0.7645
0.76225
0.76425
0.76925
0.7625
0.77275
0.771
0.762
0.76175
0.7715
0.76125
0.7685
0.76375
0.76125
0.772
0.76775
0.7645
0.773
0.76425
0.778
0.7625
0.77075
0.76875
0.7555
0.7625
0.764
0.75875
0.77125
0.76425
0.77075
0.762
0.76375
0.76525
0.769
0.763
0.769
0.76075
0.7705
0.76875
0.7795
0.774
0.763
0.76325
0.7625
0.74825
0.75875
0.7665
0.76375
0.7705
0.7585
0.7695
0.76725
0.76975
0.761
0.76125
0.768
0.765
0.76775
0.7645
0.76475
0.76575
0.75425
0.76775
0.777
0.7835
0.76175
0.767
0.754
0.765
0.75575
0.7625
0.753
0.7675
0.7675
0.76075
0.766
0.76775
0.761
0.75275
0.7615
0.771
0.76075
0.75225
0.7675
0.75975
0.7535
0.767
0.76175
0.77325
0.76825
0.77575
0.77025
0.74775
0.766
0.7665
0.764
0.767
0.7535
0.75675
0.774
0.75725
0.7656914228557139
