0.972
0.967
0.95325
0.945
0.929
0.92675
0.91675
0.913
0.909
0.9105
0.89175
0.88325
0.883
0.8845
0.879
0.87375
0.85725
0.86125
0.865
0.85975
0.85725
0.849
0.861
0.84225
0.85025
0.847
0.8425
0.841
0.84325
0.83525
0.83675
0.8405
0.83275
0.81975
0.826
0.8325
0.82625
0.8255
0.8295
0.81775
0.82225
0.797
0.817
0.824
0.8105
0.81475
0.808
0.80825
0.813
0.8165
0.81225
0.814
0.81525
0.8005
0.80575
0.80625
0.80525
0.797
0.81175
0.80075
0.81825
0.8025
0.8075
0.8005
0.80525
0.7995
0.79125
0.8035
0.80075
0.79475
0.78925
0.797
0.78825
0.7965
0.80825
0.78875
0.79575
0.77975
0.795
0.79175
0.7935
0.794
0.7895
0.795
0.7955
0.78
0.79225
0.783
0.80475
0.78625
0.79125
0.78875
0.79475
0.78825
0.78375
0.78125
0.78725
0.77425
0.78875
0.788
0.784
0.78325
0.78275
0.77575
0.7825
0.783
0.779
0.775
0.7775
0.77825
0.79275
0.784
0.778
0.7835
0.78275
0.778
0.7845
0.78525
0.79475
0.76975
0.79075
0.78625
0.7865
0.79025
0.784
0.782
0.78175
0.786
0.77075
0.78225
0.778
0.773
0.779
0.77475
0.7905
0.77825
0.77875
0.7645
0.77425
0.776
0.775
0.79325
0.78675
0.7795
0.7695
0.76825
0.785
0.779
0.77125
0.7725
0.77075
0.779
0.77375
0.77025
0.776
0.7775
0.77475
0.77825
0.77975
0.77925
0.7725
0.7645
0.7805
0.774
0.77525
0.78275
0.774
0.761
0.776
0.7685
0.7695
0.7765
0.77375
0.7795
0.77675
0.77375
0.776
0.772
0.7765
0.785
0.7795
0.77775
0.76825
0.766
0.7785
0.7645
0.777
0.76575
0.7735
0.7665
0.763
0.7775
0.7645
0.776
0.76225
0.7725
0.768
0.77525
0.782
0.7615
0.769
0.7685
0.77025
0.7645
0.7735
0.7815
0.7745
0.75125
0.7675
0.78175
0.78425
0.771
0.7625
0.773
0.76775
0.7735
0.769
0.7575
0.7645
0.76875
0.7655
0.774
0.77175
0.7605
0.77475
0.76775
0.77425
0.768
0.771
0.77475
0.76225
0.77375
0.7685
0.775
0.76275
0.7695
0.766
0.76875
0.7645
0.76575
0.7635
0.77275
0.77425
0.771
0.7635
0.7535
0.77725
0.76925
0.764
0.7645
0.761
0.7675
0.76675
0.7705
0.7755
0.7725
0.77
0.77325
0.766
0.7695
0.77125
0.76175
0.75975
0.769
0.763
0.76825
0.76525
0.77475
0.7625
0.76525
0.7725
0.77425
0.78
0.76275
0.77275
0.76025
0.77225
0.7615
0.76375
0.762
0.7635
0.76925
0.76325
0.77275
0.7705
0.7625
0.76225
0.772
0.76125
0.7685
0.76325
0.7615
0.77175
0.76825
0.76425
0.77425
0.7645
0.77725
0.7635
0.7705
0.7675
0.7545
0.764
0.764
0.7585
0.7715
0.765
0.7705
0.7615
0.76425
0.7645
0.76775
0.76325
0.7695
0.76125
0.77075
0.76825
0.77825
0.776
0.76325
0.7635
0.7615
0.7485
0.75975
0.766
0.763
0.77075
0.75875
0.76825
0.76675
0.77
0.76
0.7605
0.76725
0.76525
0.76775
0.76425
0.76425
0.7655
0.75525
0.76825
0.7765
0.7825
0.76225
0.767
0.75425
0.7655
0.75725
0.76325
0.75375
0.76675
0.7675
0.76125
0.766
0.76725
0.76075
0.753
0.76175
0.77
0.761
0.75175
0.768
0.759
0.75425
0.76675
0.763
0.77325
0.76875
0.776
0.77025
0.747
0.76575
0.76675
0.76375
0.76825
0.7535
0.75675
0.77375
0.75725
0.7661915478869717
