0.968
0.95975
0.94325
0.9355
0.91825
0.9165
0.90925
0.903
0.9
0.9015
0.88275
0.87425
0.87725
0.8775
0.8735
0.86775
0.85275
0.855
0.859
0.855
0.85325
0.84475
0.85725
0.83775
0.84825
0.84225
0.83875
0.83925
0.84025
0.82975
0.83375
0.8365
0.82975
0.8165
0.82275
0.8305
0.82475
0.82275
0.827
0.81225
0.8175
0.79425
0.815
0.8225
0.80925
0.81075
0.80725
0.808
0.8095
0.816
0.81025
0.813
0.813
0.799
0.80425
0.8045
0.80375
0.7955
0.81125
0.79925
0.81675
0.80075
0.808
0.8005
0.806
0.79875
0.78975
0.80275
0.80025
0.7935
0.789
0.79525
0.787
0.79625
0.80725
0.7895
0.79525
0.77875
0.79575
0.791
0.7925
0.7945
0.7905
0.79375
0.79475
0.7795
0.79325
0.7835
0.804
0.78675
0.791
0.78875
0.79325
0.78675
0.78375
0.78
0.78625
0.77475
0.78875
0.78725
0.78325
0.783
0.78225
0.7745
0.7825
0.78275
0.77875
0.77425
0.778
0.77825
0.79275
0.7835
0.77725
0.78325
0.78275
0.77875
0.785
0.78475
0.7945
0.76925
0.7915
0.7855
0.78625
0.791
0.7845
0.78225
0.781
0.7855
0.77025
0.7825
0.7785
0.77225
0.77875
0.77525
0.79
0.77775
0.7785
0.7645
0.77525
0.77625
0.777
0.7925
0.787
0.77975
0.76925
0.76925
0.78325
0.77875
0.7715
0.772
0.77025
0.778
0.77375
0.76975
0.7765
0.7775
0.7745
0.7775
0.77875
0.77875
0.77125
0.7645
0.78
0.77275
0.7755
0.78225
0.77425
0.76075
0.7765
0.769
0.7695
0.776
0.77425
0.7795
0.7775
0.77375
0.77575
0.77225
0.7755
0.785
0.77925
0.7785
0.7685
0.76625
0.77775
0.7645
0.777
0.76475
0.77275
0.7665
0.76375
0.77825
0.76475
0.77625
0.76175
0.77275
0.76775
0.77575
0.78225
0.762
0.76975
0.76775
0.76975
0.76525
0.7735
0.78125
0.77375
0.7505
0.76775
0.782
0.78425
0.7705
0.76275
0.7725
0.76725
0.77225
0.768
0.75675
0.76375
0.7685
0.76575
0.77425
0.77175
0.75975
0.77425
0.76775
0.77375
0.7675
0.77175
0.77325
0.7625
0.77225
0.7685
0.775
0.76225
0.7695
0.76625
0.76875
0.764
0.76575
0.76325
0.77275
0.77425
0.771
0.764
0.7535
0.778
0.7695
0.76425
0.76425
0.76075
0.76775
0.76725
0.7705
0.77525
0.7715
0.771
0.7725
0.767
0.76975
0.77125
0.762
0.7595
0.76825
0.76325
0.76825
0.7655
0.776
0.7625
0.76525
0.77275
0.77425
0.78
0.763
0.7725
0.76075
0.77225
0.76175
0.764
0.76175
0.76425
0.7695
0.76275
0.77225
0.77125
0.76225
0.76225
0.77125
0.76075
0.76825
0.764
0.76125
0.7715
0.76775
0.76425
0.77425
0.76425
0.77725
0.763
0.7705
0.76825
0.75475
0.76425
0.764
0.75825
0.77175
0.76475
0.77075
0.762
0.76425
0.7645
0.7685
0.76325
0.76925
0.76075
0.771
0.768
0.7785
0.775
0.76375
0.76325
0.7625
0.74825
0.75925
0.7665
0.7635
0.771
0.75825
0.769
0.767
0.77
0.76125
0.76075
0.76775
0.76525
0.76725
0.7645
0.76425
0.76575
0.7545
0.76725
0.77725
0.78275
0.76225
0.767
0.754
0.76575
0.75675
0.76275
0.75325
0.767
0.76775
0.761
0.766
0.768
0.76075
0.753
0.76175
0.77
0.7615
0.75225
0.7675
0.7595
0.7535
0.76675
0.76275
0.77325
0.7685
0.776
0.77025
0.7475
0.766
0.76625
0.76425
0.768
0.7535
0.75675
0.77425
0.75725
0.7659414853713429
