0.8855
0.87525
0.88175
0.87675
0.86725
0.8725
0.87275
0.86775
0.87
0.87875
0.8605
0.85325
0.86225
0.86225
0.8605
0.865
0.861
0.86125
0.86425
0.865
0.8575
0.855
0.86
0.86875
0.8675
0.866
0.85725
0.861
0.865
0.85575
0.85375
0.85925
0.857
0.855
0.86125
0.86575
0.85725
0.8495
0.85725
0.85075
0.86075
0.84525
0.85375
0.86575
0.856
0.85625
0.85275
0.862
0.854
0.859
0.85475
0.864
0.84425
0.8435
0.853
0.85425
0.85525
0.845
0.8595
0.84825
0.86375
0.85325
0.8505
0.84675
0.8535
0.84975
0.83975
0.8515
0.8425
0.8485
0.8475
0.859
0.85125
0.84675
0.85525
0.8465
0.8475
0.8465
0.856
0.85175
0.854
0.847
0.84625
0.85275
0.8645
0.85225
0.85725
0.85575
0.864
0.85475
0.842
0.854
0.85825
0.85475
0.85125
0.8445
0.85125
0.83725
0.848
0.85125
0.84975
0.84725
0.85025
0.83875
0.84575
0.8465
0.8495
0.83725
0.85
0.847
0.85825
0.8495
0.842
0.85375
0.853
0.8475
0.85425
0.85275
0.84675
0.8465
0.8475
0.85775
0.8475
0.84875
0.84375
0.84775
0.8415
0.85425
0.8445
0.8565
0.8495
0.844
0.84475
0.84025
0.85375
0.8565
0.8575
0.83875
0.8295
0.85275
0.84675
0.84875
0.85075
0.84175
0.839
0.84175
0.85475
0.846
0.845
0.847
0.846
0.85225
0.846
0.8415
0.8445
0.84375
0.84275
0.852
0.846
0.84725
0.85
0.84
0.85225
0.843
0.844
0.85325
0.8415
0.83825
0.83675
0.84525
0.84625
0.855
0.85575
0.8465
0.84425
0.84825
0.8465
0.84375
0.85
0.85
0.85125
0.856
0.8365
0.84375
0.84575
0.848
0.85
0.8415
0.84125
0.846
0.84225
0.8495
0.8395
0.8525
0.84
0.8425
0.83975
0.85125
0.853
0.84
0.84525
0.8415
0.84575
0.841
0.855
0.854
0.8455
0.82925
0.8435
0.84475
0.85625
0.849
0.8445
0.8465
0.84175
0.84825
0.84425
0.85275
0.84625
0.84025
0.83525
0.853
0.8395
0.84475
0.835
0.84475
0.84875
0.84825
0.8465
0.8445
0.8405
0.84975
0.84475
0.8545
0.841
0.85275
0.8425
0.85575
0.84425
0.845
0.8435
0.851
0.85
0.84075
0.84975
0.83875
0.849
0.847
0.84575
0.851
0.8405
0.84625
0.84525
0.8485
0.84
0.839
0.847
0.84225
0.851
0.847
0.8445
0.84175
0.83625
0.84425
0.8355
0.8345
0.841
0.84475
0.84025
0.84875
0.842
0.85275
0.85025
0.85425
0.848
0.841
0.8535
0.85075
0.84175
0.847
0.8455
0.842
0.845
0.84775
0.84675
0.83925
0.83725
0.84125
0.841
0.837
0.84175
0.8465
0.842
0.84275
0.84575
0.84325
0.84225
0.84925
0.8515
0.85575
0.8425
0.84975
0.8465
0.84125
0.843
0.84375
0.84375
0.85325
0.8415
0.83925
0.842
0.8455
0.83525
0.84575
0.834
0.85575
0.84425
0.85475
0.84925
0.84525
0.8325
0.8455
0.83875
0.84275
0.8475
0.8425
0.8495
0.84275
0.8455
0.84575
0.8455
0.8365
0.84325
0.849
0.8465
0.84275
0.84225
0.83975
0.8455
0.8365
0.83775
0.8505
0.854
0.83775
0.851
0.8445
0.84875
0.84025
0.83925
0.83775
0.8515
0.84875
0.83925
0.84325
0.8515
0.8435
0.841
0.8385
0.85025
0.84275
0.83675
0.839
0.8395
0.83975
0.8465
0.8465
0.8485
0.8435
0.84425
0.84325
0.82775
0.84925
0.84475
0.84225
0.84975
0.844
0.8425
0.84775
0.843
0.8559639909977494
