0.92875
0.93025
0.9285
0.93025
0.922
0.92125
0.9175
0.91925
0.9155
0.91725
0.91425
0.90725
0.9075
0.915
0.91325
0.91225
0.90875
0.9135
0.91
0.90475
0.909
0.90275
0.91025
0.90625
0.9115
0.9105
0.908
0.90775
0.905
0.90375
0.90175
0.90025
0.90775
0.90375
0.9025
0.90225
0.902
0.89175
0.9035
0.90275
0.90225
0.8885
0.90475
0.906
0.90575
0.89575
0.89825
0.90475
0.8965
0.897
0.89775
0.90025
0.893
0.8905
0.9
0.9085
0.9015
0.887
0.89575
0.8965
0.9005
0.89425
0.8905
0.8905
0.896
0.89475
0.8945
0.894
0.89525
0.8915
0.88925
0.8985
0.88075
0.894
0.8925
0.8925
0.888
0.89
0.8955
0.89625
0.89
0.90025
0.89225
0.895
0.8995
0.88725
0.89875
0.8855
0.901
0.89425
0.88725
0.89625
0.8955
0.8975
0.8965
0.89275
0.8955
0.8825
0.898
0.8905
0.8935
0.89425
0.893
0.8795
0.88975
0.88925
0.8885
0.88075
0.888
0.88975
0.8995
0.884
0.88975
0.88775
0.89375
0.88275
0.89025
0.88875
0.89125
0.88375
0.8855
0.8935
0.891
0.89575
0.88925
0.89175
0.877
0.894
0.88875
0.8965
0.88725
0.885
0.87975
0.891
0.893
0.89875
0.895
0.8845
0.87875
0.8885
0.891
0.89525
0.891
0.891
0.87825
0.88325
0.89225
0.88525
0.8855
0.88225
0.89025
0.8915
0.8855
0.8845
0.8865
0.87625
0.88775
0.89
0.88525
0.8795
0.888
0.87875
0.8925
0.88525
0.884
0.8935
0.881
0.88675
0.8865
0.88125
0.883
0.89075
0.89225
0.88875
0.884
0.8905
0.8915
0.88525
0.89125
0.88975
0.89175
0.88825
0.8845
0.8825
0.895
0.8775
0.8875
0.8875
0.881
0.89025
0.88475
0.88325
0.8865
0.8825
0.87975
0.88375
0.8825
0.88625
0.897
0.887
0.889
0.88975
0.881
0.88375
0.88975
0.884
0.88425
0.879
0.88575
0.8855
0.89225
0.88725
0.88475
0.8835
0.8755
0.895
0.8835
0.89225
0.8925
0.882
0.88275
0.8935
0.8835
0.88775
0.88225
0.883
0.883
0.889
0.88275
0.8865
0.88675
0.8885
0.8855
0.8905
0.88225
0.89075
0.88775
0.88475
0.8825
0.8895
0.886
0.894
0.8885
0.8855
0.88375
0.8895
0.8885
0.8805
0.884
0.89525
0.88425
0.87875
0.89075
0.8895
0.882
0.8725
0.8865
0.88575
0.88
0.8835
0.8835
0.8865
0.87775
0.88525
0.88
0.87725
0.87975
0.87975
0.88675
0.89
0.87825
0.89525
0.88675
0.89275
0.8905
0.888
0.8855
0.88575
0.884
0.88
0.88375
0.88175
0.88725
0.89125
0.88725
0.87975
0.88025
0.8845
0.87625
0.884
0.88475
0.88325
0.8855
0.889
0.88325
0.88775
0.8835
0.88625
0.89025
0.89825
0.8855
0.8895
0.88325
0.888
0.8845
0.88125
0.88725
0.89075
0.88175
0.882
0.88575
0.8845
0.88725
0.886
0.8795
0.88225
0.88575
0.89225
0.8885
0.88725
0.87275
0.881
0.88275
0.87625
0.889
0.879
0.88
0.88375
0.88725
0.8875
0.8805
0.87225
0.87825
0.8855
0.88575
0.88675
0.87675
0.88525
0.88225
0.87225
0.879
0.89225
0.8915
0.88075
0.886
0.88475
0.88375
0.87775
0.884
0.88
0.886
0.89175
0.8905
0.889
0.8905
0.885
0.87675
0.87875
0.8885
0.887
0.883
0.8855
0.87975
0.88175
0.8885
0.8865
0.884
0.8865
0.88425
0.88275
0.86875
0.88775
0.8925
0.887
0.89025
0.8815
0.882
0.88725
0.878
0.8944736184046012
