0.83475
0.8145
0.8125
0.82675
0.803
0.823
0.81675
0.8075
0.80275
0.81175
0.8025
0.7935
0.80975
0.80325
0.8105
0.79925
0.8015
0.8115
0.8115
0.804
0.8115
0.81175
0.80675
0.8015
0.81825
0.81375
0.809
0.80675
0.807
0.80225
0.8055
0.798
0.808
0.80325
0.81125
0.80725
0.8065
0.80825
0.802
0.8
0.80975
0.79675
0.80825
0.81275
0.803
0.80525
0.8005
0.8035
0.8075
0.81325
0.8085
0.8095
0.8055
0.7865
0.80675
0.81075
0.80775
0.79675
0.811
0.802
0.815
0.81025
0.8065
0.80325
0.806
0.802
0.8015
0.8155
0.7955
0.80175
0.807
0.80725
0.80475
0.80525
0.8115
0.8065
0.8025
0.797
0.81575
0.8075
0.80825
0.804
0.807
0.80125
0.818
0.8025
0.81275
0.8015
0.81725
0.8115
0.8025
0.8085
0.819
0.80725
0.8035
0.801
0.81
0.796
0.8135
0.8115
0.80725
0.80475
0.81025
0.7865
0.808
0.8095
0.80175
0.796
0.80525
0.80425
0.81875
0.8045
0.80275
0.809
0.8145
0.8055
0.81675
0.806
0.80825
0.79675
0.80825
0.827
0.80425
0.815
0.80525
0.80325
0.798
0.8105
0.8045
0.81025
0.809
0.8015
0.8045
0.801
0.8165
0.8155
0.81475
0.79525
0.80275
0.80925
0.8065
0.81375
0.811
0.8045
0.79775
0.805
0.817
0.80075
0.801
0.7975
0.79975
0.81
0.81
0.80175
0.8125
0.8055
0.80825
0.816
0.8025
0.80775
0.80125
0.80425
0.81825
0.804
0.80125
0.81475
0.8025
0.79975
0.802
0.7955
0.80025
0.80725
0.816
0.8095
0.813
0.80475
0.80675
0.801
0.808
0.81075
0.812
0.8105
0.80425
0.803
0.814
0.791
0.81
0.80625
0.8035
0.80625
0.809
0.81375
0.79825
0.814
0.8
0.8085
0.79625
0.81475
0.824
0.8005
0.80575
0.80225
0.811
0.801
0.81025
0.81875
0.80475
0.78525
0.8055
0.80925
0.81625
0.80225
0.801
0.81225
0.80575
0.8115
0.8095
0.807
0.8095
0.8035
0.80075
0.807
0.799
0.7985
0.80375
0.8005
0.8115
0.8125
0.80825
0.80825
0.8005
0.8145
0.80475
0.822
0.80375
0.80825
0.80325
0.811
0.805
0.806
0.80175
0.8135
0.809
0.80525
0.8145
0.80375
0.81625
0.79975
0.80875
0.80425
0.79775
0.80675
0.809
0.8135
0.8075
0.809
0.807
0.81275
0.8115
0.80425
0.809
0.80775
0.80575
0.805
0.80175
0.80725
0.80225
0.8085
0.8005
0.8115
0.80425
0.819
0.81575
0.804
0.809
0.80225
0.8125
0.8005
0.81175
0.8055
0.8105
0.80525
0.805
0.8115
0.80875
0.80225
0.8025
0.81225
0.79475
0.79975
0.8055
0.80375
0.8035
0.8005
0.80775
0.807
0.802
0.81325
0.8055
0.82225
0.79775
0.80725
0.80475
0.813
0.81175
0.80625
0.80875
0.81725
0.8035
0.804
0.80325
0.8095
0.80475
0.81
0.80275
0.8105
0.8075
0.8135
0.80875
0.81475
0.79575
0.80175
0.7985
0.80625
0.80875
0.807
0.80975
0.79925
0.80025
0.8105
0.81425
0.796
0.80125
0.80925
0.80625
0.807
0.80725
0.802
0.8015
0.799
0.79875
0.81675
0.8185
0.80225
0.812
0.80375
0.808
0.801
0.806
0.80425
0.82375
0.81475
0.8005
0.81175
0.81425
0.8075
0.8025
0.804
0.80875
0.80775
0.79325
0.807
0.8035
0.8015
0.81325
0.804
0.81
0.8115
0.81075
0.803
0.7875
0.811
0.8085
0.8095
0.8095
0.80225
0.80425
0.81375
0.8045
0.8204551137784446
