0.9018333333333334
0.897
0.8806666666666667
0.8676666666666667
0.8446666666666667
0.838
0.8256666666666667
0.8223333333333334
0.8203333333333334
0.8093333333333333
0.8026666666666666
0.8023333333333333
0.795
0.7806666666666666
0.7663333333333333
0.7983333333333333
0.7816666666666666
0.7833333333333333
0.779
0.7813333333333333
0.7746666666666666
0.7763333333333333
0.777
0.7836666666666666
0.7786666666666666
0.7823333333333333
0.759
0.7746666666666666
0.7776666666666666
0.7733333333333333
0.7683333333333333
0.7853333333333333
0.766
0.7763333333333333
0.774
0.769
0.7596666666666667
0.7793333333333333
0.761
0.7636666666666667
0.7656666666666667
0.7656666666666667
0.7623333333333333
0.7593333333333333
0.7736666666666666
0.7643333333333333
0.757
0.762
0.7556666666666667
0.7546666666666667
0.754
0.751
0.7506666666666667
0.7506666666666667
0.7403333333333333
0.764
0.753
0.7643333333333333
0.758
0.751
0.736
0.7533333333333333
0.7606666666666667
0.7523333333333333
0.7623333333333333
0.7523333333333333
0.7633333333333333
0.7573333333333333
0.7473333333333333
0.7356666666666667
0.744
0.754
0.7606666666666667
0.746
0.7526666666666667
0.7396666666666667
0.7546666666666667
0.754
0.7503333333333333
0.7696666666666667
0.7566666666666667
0.7506666666666667
0.755
0.7393333333333333
0.7523333333333333
0.7553333333333333
0.753
0.7506666666666667
0.7493333333333333
0.764
0.7423333333333333
0.7533333333333333
0.7383333333333333
0.7486666666666667
0.7496666666666667
0.7526666666666667
0.7486666666666667
0.7503333333333333
0.7603333333333333
0.7583333333333333
0.751
0.7446666666666667
0.7443333333333333
0.754
0.749
0.7593333333333333
0.7503333333333333
0.749
0.745
0.752
0.751
0.7633333333333333
0.7473333333333333
0.736
0.7503333333333333
0.7466666666666667
0.7563333333333333
0.7526666666666667
0.7526666666666667
0.7446666666666667
0.7533333333333333
0.7513333333333333
0.7486666666666667
0.7386666666666667
0.7616666666666667
0.7416666666666667
0.7313333333333333
0.7563333333333333
0.7446666666666667
0.74
0.7486666666666667
0.748
0.759
0.7376666666666667
0.751
0.7566666666666667
0.746
0.7246666666666667
0.76
0.751
0.7456666666666667
0.7303333333333333
0.7356666666666667
0.7486666666666667
0.7396666666666667
0.7626666666666667
0.7503333333333333
0.7493333333333333
0.7493333333333333
0.7506666666666667
0.755
0.758
0.754
0.7373333333333333
0.7503333333333333
0.754
0.75
0.7443333333333333
0.736
0.7483333333333333
0.7636666666666667
0.7596666666666667
0.753
0.749
0.7406666666666667
0.7566666666666667
0.7473333333333333
0.7446666666666667
0.7463333333333333
0.746
0.7326666666666667
0.7473333333333333
0.7533333333333333
0.7343333333333333
0.754
0.7366666666666667
0.7443333333333333
0.7513333333333333
0.762
0.7446666666666667
0.7536666666666667
0.7386666666666667
0.7396666666666667
0.736
0.7366666666666667
0.749
0.737
0.7536666666666667
0.7556666666666667
0.754
0.7466666666666667
0.7463333333333333
0.7336666666666667
0.7466666666666667
0.76
0.7453333333333333
0.7506666666666667
0.7396666666666667
0.7393333333333333
0.7446666666666667
0.742
0.7443333333333333
0.745
0.7383333333333333
0.747
0.7376666666666667
0.736
0.747
0.755
0.742
0.7386666666666667
0.7463333333333333
0.7486666666666667
0.743
0.7376666666666667
0.7406666666666667
0.7423333333333333
0.7423333333333333
0.7503333333333333
0.7483333333333333
0.7466666666666667
0.7273333333333334
0.748
0.7443333333333333
0.7443333333333333
0.759
0.7376666666666667
0.742
0.7556666666666667
0.749
0.7483333333333333
0.7513333333333333
0.7483333333333333
0.74
0.7423333333333333
0.736
0.7443333333333333
0.7526666666666667
0.757
0.7476666666666667
0.7463333333333333
0.7483333333333333
0.737
0.735
0.749
0.749
0.7283333333333334
0.7496666666666667
0.739
0.7473333333333333
0.757
0.735
0.7456666666666667
0.7376666666666667
0.7483333333333333
0.7353333333333333
0.7426666666666667
0.7503333333333333
0.7416666666666667
0.7366666666666667
0.7473333333333333
0.7476666666666667
0.746
0.7453333333333333
0.7466666666666667
0.7353333333333333
0.748
0.737
0.755
0.7443333333333333
0.7426666666666667
0.7496666666666667
0.742
0.7526666666666667
0.7393333333333333
0.731
0.7236666666666667
0.747
0.7503333333333333
0.759
0.735
0.7363333333333333
0.7393333333333333
0.7523333333333333
0.7446666666666667
0.7436666666666667
0.741
0.7493333333333333
0.7233333333333334
0.736
0.7463333333333333
0.7453333333333333
0.7423333333333333
0.7186666666666667
0.7473333333333333
0.7343333333333333
0.7233333333333334
0.7383333333333333
0.7456666666666667
0.7286666666666667
0.755
0.7346666666666667
0.7416666666666667
0.75
0.7493333333333333
0.738
0.7396666666666667
0.737
0.731
0.7373333333333333
0.7566666666666667
0.7333333333333333
0.7353333333333333
0.75
0.7406666666666667
0.745
0.744
0.741
0.7336666666666667
0.736
0.7496666666666667
0.747
0.7463333333333333
0.7446666666666667
0.747
0.7393333333333333
0.748
0.7563333333333333
0.749
0.7386666666666667
0.7416666666666667
0.746
0.742
0.7316666666666667
0.7556666666666667
0.7496666666666667
0.7443333333333333
0.7476666666666667
0.7446666666666667
0.743
0.7603333333333333
0.75
0.759
0.747
0.7333333333333333
0.7413333333333333
0.7456666666666667
0.7503333333333333
0.733
0.7276666666666667
0.751
0.7343333333333333
0.741
0.7456666666666667
0.7353333333333333
0.7553333333333333
0.74
0.7366666666666667
0.755
0.7463333333333333
0.7493333333333333
0.7606666666666667
0.7433333333333333
0.7383333333333333
0.7563333333333333
0.7483333333333333
0.747
0.7486666666666667
0.7486666666666667
0.733
0.7483333333333333
0.7406666666666667
0.7636666666666667
0.7453333333333333
0.744
0.7386666666666667
0.7543333333333333
0.757
0.7413333333333333
0.745
0.74
0.7483333333333333
0.7523333333333333
0.738
0.7393333333333333
0.7416666666666667
0.749
0.7403333333333333
0.7426666666666667
0.7396666666666667
0.755
0.732
0.7463333333333333
0.7403333333333333
0.7416666666666667
0.753
0.7433333333333333
0.7486666666666667
0.756
0.7473333333333333
0.7373333333333333
0.7383333333333333
0.7426666666666667
0.7466666666666667
0.7386666666666667
0.7526666666666667
0.7356666666666667
0.744
0.7453333333333333
0.7453333333333333
0.7436666666666667
0.7396666666666667
0.7393333333333333
0.7483333333333333
0.7463333333333333
0.7403333333333333
0.748
0.736
0.748
0.744
0.7393333333333333
0.7483333333333333
0.7453333333333333
0.7566666666666667
0.7506666666666667
0.742
0.741
0.7213333333333334
0.7503333333333333
0.7293333333333333
0.7406666666666667
0.7296666666666667
0.735
0.7323333333333333
0.7546666666666667
0.7316666666666667
0.7363333333333333
0.7496666666666667
0.7443333333333333
0.735
0.7453333333333333
0.7406666666666667
0.7373333333333333
0.7436666666666667
0.7363333333333333
0.7403333333333333
0.7436666666666667
0.7453333333333333
0.7486666666666667
0.7486666666666667
0.7456666666666667
0.741
0.7353333333333333
0.7536666666666667
0.751
0.7543333333333333
0.7486666666666667
0.7476666666666667
0.748
0.7446666666666667
0.7416666666666667
0.7426666666666667
0.7296666666666667
0.7386666666666667
0.7286666666666667
0.7366666666666667
0.7523333333333333
0.7616666666666667
0.747
0.7376666666666667
0.743
0.7596666666666667
0.7456666666666667
0.7383333333333333
0.7383333333333333
0.727
0.7596666666666667
0.7483333333333333
0.7443333333333333
0.723
0.7316666666666667
0.746
0.7346666666666667
0.734
0.7316666666666667
0.7593333333333333
0.7483333333333333
0.7413333333333333
0.7513333333333333
0.7496666666666667
0.75
0.7496666666666667
0.7383333333333333
0.7276666666666667
0.7533333333333333
0.7263333333333334
0.744
0.7416666666666667
0.7333333333333333
0.747
0.7513333333333333
0.7406666666666667
0.733
0.737
0.7486666666666667
