0.9016666666666666
0.9076666666666666
0.9036666666666666
0.8916666666666667
0.871
0.8596666666666667
0.852
0.8483333333333334
0.842
0.8273333333333334
0.8276666666666667
0.828
0.817
0.7976666666666666
0.781
0.8096666666666666
0.7986666666666666
0.7926666666666666
0.8006666666666666
0.7976666666666666
0.7873333333333333
0.787
0.7923333333333333
0.7903333333333333
0.793
0.797
0.779
0.7876666666666666
0.7903333333333333
0.779
0.781
0.7956666666666666
0.7773333333333333
0.7846666666666666
0.778
0.7723333333333333
0.7736666666666666
0.7843333333333333
0.7653333333333333
0.773
0.7626666666666667
0.7713333333333333
0.7693333333333333
0.769
0.7813333333333333
0.7643333333333333
0.7616666666666667
0.7736666666666666
0.7673333333333333
0.764
0.7636666666666667
0.7586666666666667
0.7603333333333333
0.7536666666666667
0.7493333333333333
0.7736666666666666
0.764
0.772
0.7666666666666667
0.7596666666666667
0.7473333333333333
0.765
0.7743333333333333
0.7576666666666667
0.766
0.7603333333333333
0.77
0.7656666666666667
0.7583333333333333
0.749
0.753
0.7623333333333333
0.77
0.763
0.761
0.7493333333333333
0.7613333333333333
0.763
0.76
0.78
0.758
0.7623333333333333
0.7596666666666667
0.7466666666666667
0.767
0.7576666666666667
0.7643333333333333
0.756
0.7536666666666667
0.7666666666666667
0.744
0.7583333333333333
0.751
0.754
0.751
0.756
0.7543333333333333
0.759
0.768
0.7646666666666667
0.7563333333333333
0.749
0.752
0.7636666666666667
0.7513333333333333
0.7613333333333333
0.75
0.7526666666666667
0.7473333333333333
0.7603333333333333
0.7556666666666667
0.7656666666666667
0.7583333333333333
0.7416666666666667
0.7563333333333333
0.753
0.7653333333333333
0.7586666666666667
0.7506666666666667
0.7523333333333333
0.7606666666666667
0.761
0.757
0.7476666666666667
0.762
0.7463333333333333
0.7346666666666667
0.7553333333333333
0.756
0.745
0.7613333333333333
0.7636666666666667
0.769
0.7476666666666667
0.753
0.7573333333333333
0.7516666666666667
0.7313333333333333
0.7663333333333333
0.7533333333333333
0.7503333333333333
0.7353333333333333
0.7436666666666667
0.7516666666666667
0.746
0.773
0.7646666666666667
0.7523333333333333
0.763
0.7516666666666667
0.7583333333333333
0.7613333333333333
0.7606666666666667
0.7476666666666667
0.761
0.758
0.7576666666666667
0.7426666666666667
0.7433333333333333
0.7506666666666667
0.764
0.766
0.759
0.7593333333333333
0.7413333333333333
0.7613333333333333
0.757
0.7453333333333333
0.7513333333333333
0.752
0.736
0.745
0.755
0.741
0.7616666666666667
0.743
0.7533333333333333
0.7566666666666667
0.7673333333333333
0.7546666666666667
0.756
0.7466666666666667
0.749
0.7406666666666667
0.7463333333333333
0.753
0.7516666666666667
0.76
0.7576666666666667
0.756
0.7506666666666667
0.749
0.7353333333333333
0.7566666666666667
0.761
0.742
0.7623333333333333
0.7416666666666667
0.7376666666666667
0.751
0.7483333333333333
0.7563333333333333
0.7546666666666667
0.7393333333333333
0.7476666666666667
0.7433333333333333
0.7386666666666667
0.749
0.761
0.746
0.7446666666666667
0.7423333333333333
0.7553333333333333
0.7453333333333333
0.737
0.751
0.7496666666666667
0.7523333333333333
0.7553333333333333
0.7586666666666667
0.7513333333333333
0.7276666666666667
0.7506666666666667
0.7516666666666667
0.7423333333333333
0.7613333333333333
0.7386666666666667
0.7406666666666667
0.753
0.7586666666666667
0.7526666666666667
0.7456666666666667
0.7516666666666667
0.7396666666666667
0.7523333333333333
0.7413333333333333
0.75
0.7543333333333333
0.754
0.745
0.755
0.7516666666666667
0.7396666666666667
0.7413333333333333
0.7636666666666667
0.7486666666666667
0.7283333333333334
0.755
0.7483333333333333
0.747
0.7576666666666667
0.7403333333333333
0.749
0.7433333333333333
0.7503333333333333
0.7446666666666667
0.7453333333333333
0.754
0.7403333333333333
0.7466666666666667
0.7456666666666667
0.7526666666666667
0.7503333333333333
0.7506666666666667
0.7493333333333333
0.7383333333333333
0.7496666666666667
0.7406666666666667
0.758
0.7473333333333333
0.753
0.751
0.7503333333333333
0.7513333333333333
0.74
0.7353333333333333
0.7356666666666667
0.7513333333333333
0.76
0.762
0.7406666666666667
0.7433333333333333
0.7426666666666667
0.7533333333333333
0.7483333333333333
0.7513333333333333
0.7486666666666667
0.7553333333333333
0.731
0.7353333333333333
0.7513333333333333
0.7513333333333333
0.7486666666666667
0.7226666666666667
0.754
0.74
0.734
0.748
0.7513333333333333
0.7366666666666667
0.7626666666666667
0.7436666666666667
0.7456666666666667
0.7516666666666667
0.7556666666666667
0.7406666666666667
0.7463333333333333
0.7506666666666667
0.7383333333333333
0.7483333333333333
0.7643333333333333
0.7326666666666667
0.7373333333333333
0.7536666666666667
0.7403333333333333
0.753
0.7496666666666667
0.7506666666666667
0.7396666666666667
0.7383333333333333
0.7576666666666667
0.7553333333333333
0.7526666666666667
0.7466666666666667
0.7446666666666667
0.7413333333333333
0.747
0.7556666666666667
0.7493333333333333
0.7506666666666667
0.7473333333333333
0.751
0.747
0.7396666666666667
0.7626666666666667
0.7506666666666667
0.759
0.7486666666666667
0.7476666666666667
0.7486666666666667
0.758
0.7476666666666667
0.764
0.7486666666666667
0.7353333333333333
0.746
0.7456666666666667
0.755
0.738
0.7323333333333333
0.752
0.74
0.747
0.7533333333333333
0.741
0.765
0.741
0.7456666666666667
0.753
0.751
0.7493333333333333
0.7653333333333333
0.7486666666666667
0.742
0.762
0.7526666666666667
0.7463333333333333
0.751
0.7616666666666667
0.7343333333333333
0.7486666666666667
0.7426666666666667
0.7713333333333333
0.7506666666666667
0.7466666666666667
0.7436666666666667
0.7573333333333333
0.7596666666666667
0.751
0.7443333333333333
0.7453333333333333
0.754
0.7556666666666667
0.7396666666666667
0.7456666666666667
0.7456666666666667
0.7476666666666667
0.749
0.746
0.7436666666666667
0.7573333333333333
0.7426666666666667
0.7506666666666667
0.7406666666666667
0.75
0.7496666666666667
0.749
0.7503333333333333
0.7583333333333333
0.749
0.746
0.7373333333333333
0.7436666666666667
0.7476666666666667
0.7496666666666667
0.754
0.7376666666666667
0.7513333333333333
0.749
0.759
0.7423333333333333
0.7416666666666667
0.745
0.7476666666666667
0.746
0.744
0.7486666666666667
0.7473333333333333
0.748
0.7436666666666667
0.7443333333333333
0.7553333333333333
0.751
0.763
0.752
0.7513333333333333
0.7476666666666667
0.7353333333333333
0.7563333333333333
0.7373333333333333
0.746
0.741
0.7316666666666667
0.7406666666666667
0.756
0.733
0.743
0.7566666666666667
0.742
0.743
0.745
0.7456666666666667
0.7416666666666667
0.7423333333333333
0.7456666666666667
0.745
0.7406666666666667
0.7483333333333333
0.7503333333333333
0.7486666666666667
0.7503333333333333
0.7466666666666667
0.7386666666666667
0.7543333333333333
0.7573333333333333
0.7516666666666667
0.7493333333333333
0.7486666666666667
0.7553333333333333
0.7486666666666667
0.7523333333333333
0.746
0.7386666666666667
0.7353333333333333
0.746
0.7463333333333333
0.753
0.773
0.7496666666666667
0.7416666666666667
0.7486666666666667
0.7646666666666667
0.741
0.744
0.741
0.737
0.755
0.7483333333333333
0.7493333333333333
0.736
0.7276666666666667
0.75
0.7453333333333333
0.7376666666666667
0.7396666666666667
0.7636666666666667
0.7483333333333333
0.7466666666666667
0.756
0.7503333333333333
0.7536666666666667
0.7516666666666667
0.745
0.7336666666666667
0.7566666666666667
0.739
0.7543333333333333
0.7496666666666667
0.7393333333333333
0.749
0.747
0.7503333333333333
0.74
0.738
0.7546666666666667
