0.8343333333333334
0.8803333333333333
0.8936666666666667
0.8973333333333333
0.897
0.8936666666666667
0.8916666666666667
0.8806666666666667
0.889
0.8953333333333333
0.899
0.9056666666666666
0.8916666666666667
0.8866666666666667
0.87
0.8936666666666667
0.8906666666666667
0.901
0.8903333333333333
0.9083333333333333
0.8936666666666667
0.8916666666666667
0.889
0.888
0.8903333333333333
0.8916666666666667
0.883
0.885
0.8863333333333333
0.8863333333333333
0.8873333333333333
0.9026666666666666
0.9053333333333333
0.8876666666666667
0.891
0.8913333333333333
0.8773333333333333
0.899
0.8923333333333333
0.894
0.8903333333333333
0.9006666666666666
0.898
0.8953333333333333
0.8866666666666667
0.887
0.895
0.897
0.8996666666666666
0.896
0.9016666666666666
0.8853333333333333
0.8906666666666667
0.9026666666666666
0.8763333333333333
0.895
0.8853333333333333
0.8923333333333333
0.887
0.8983333333333333
0.8793333333333333
0.887
0.8933333333333333
0.885
0.8966666666666666
0.8783333333333333
0.9056666666666666
0.8963333333333333
0.8893333333333333
0.8996666666666666
0.8793333333333333
0.89
0.8893333333333333
0.904
0.9053333333333333
0.8756666666666667
0.899
0.889
0.8793333333333333
0.8906666666666667
0.8806666666666667
0.8866666666666667
0.8893333333333333
0.8763333333333333
0.879
0.8843333333333333
0.8873333333333333
0.8836666666666667
0.869
0.8836666666666667
0.8906666666666667
0.8966666666666666
0.89
0.8786666666666667
0.896
0.8923333333333333
0.894
0.887
0.8876666666666667
0.8786666666666667
0.8783333333333333
0.8903333333333333
0.8833333333333333
0.8973333333333333
0.874
0.875
0.884
0.898
0.8866666666666667
0.8966666666666666
0.8876666666666667
0.8853333333333333
0.9016666666666666
0.8876666666666667
0.881
0.882
0.8986666666666666
0.889
0.8856666666666667
0.8886666666666667
0.884
0.8846666666666667
0.8906666666666667
0.884
0.904
0.8853333333333333
0.8886666666666667
0.8816666666666667
0.8753333333333333
0.8936666666666667
0.8866666666666667
0.896
0.8863333333333333
0.885
0.8936666666666667
0.8853333333333333
0.8853333333333333
0.8753333333333333
0.889
0.884
0.8816666666666667
0.873
0.8783333333333333
0.8753333333333333
0.88
0.8873333333333333
0.8883333333333333
0.884
0.886
0.8916666666666667
0.8713333333333333
0.8666666666666667
0.8853333333333333
0.8873333333333333
0.897
0.8886666666666667
0.8783333333333333
0.886
0.8746666666666667
0.877
0.883
0.887
0.8873333333333333
0.8976666666666666
0.8776666666666667
0.896
0.892
0.8773333333333333
0.882
0.888
0.888
0.8936666666666667
0.8883333333333333
0.8833333333333333
0.887
0.875
0.8923333333333333
0.874
0.8806666666666667
0.8963333333333333
0.8756666666666667
0.8943333333333333
0.8846666666666667
0.8773333333333333
0.8826666666666667
0.887
0.8916666666666667
0.8753333333333333
0.8813333333333333
0.891
0.9
0.8973333333333333
0.8706666666666667
0.8853333333333333
0.8913333333333333
0.8896666666666667
0.891
0.8866666666666667
0.8866666666666667
0.8863333333333333
0.8876666666666667
0.892
0.8843333333333333
0.8893333333333333
0.8856666666666667
0.8896666666666667
0.8883333333333333
0.88
0.8846666666666667
0.8816666666666667
0.8773333333333333
0.865
0.875
0.883
0.8763333333333333
0.8923333333333333
0.8793333333333333
0.898
0.8813333333333333
0.8973333333333333
0.9006666666666666
0.8806666666666667
0.8806666666666667
0.883
0.8783333333333333
0.8816666666666667
0.8713333333333333
0.883
0.877
0.885
0.8836666666666667
0.8856666666666667
0.8833333333333333
0.8856666666666667
0.89
0.8823333333333333
0.8893333333333333
0.899
0.8923333333333333
0.8996666666666666
0.889
0.8806666666666667
0.8796666666666667
0.8823333333333333
0.883
0.903
0.8873333333333333
0.8953333333333333
0.889
0.885
0.8783333333333333
0.889
0.8823333333333333
0.8873333333333333
0.8503333333333334
0.887
0.8706666666666667
0.8816666666666667
0.866
0.8776666666666667
0.8803333333333333
0.8923333333333333
0.8836666666666667
0.8953333333333333
0.892
0.8816666666666667
0.8953333333333333
0.8766666666666667
0.8876666666666667
0.887
0.8743333333333333
0.8966666666666666
0.893
0.8866666666666667
0.8766666666666667
0.8723333333333333
0.8856666666666667
0.8926666666666667
0.8873333333333333
0.8916666666666667
0.8896666666666667
0.873
0.8783333333333333
0.8866666666666667
0.895
0.877
0.8976666666666666
0.887
0.8806666666666667
0.8826666666666667
0.895
0.8813333333333333
0.902
0.8853333333333333
0.887
0.89
0.8923333333333333
0.88
0.8856666666666667
0.8906666666666667
0.878
0.89
0.8843333333333333
0.8793333333333333
0.8806666666666667
0.8743333333333333
0.8886666666666667
0.8903333333333333
0.898
0.8883333333333333
0.8863333333333333
0.8873333333333333
0.874
0.8896666666666667
0.8856666666666667
0.8786666666666667
0.89
0.8726666666666667
0.8763333333333333
0.8796666666666667
0.8803333333333333
0.878
0.895
0.8703333333333333
0.875
0.8736666666666667
0.878
0.8856666666666667
0.8846666666666667
0.8986666666666666
0.877
0.8863333333333333
0.8816666666666667
0.892
0.8803333333333333
0.886
0.873
0.8746666666666667
0.8943333333333333
0.8773333333333333
0.8766666666666667
0.8773333333333333
0.8993333333333333
0.8863333333333333
0.8826666666666667
0.892
0.8753333333333333
0.895
0.8873333333333333
0.886
0.8843333333333333
0.8846666666666667
0.882
0.884
0.8876666666666667
0.8733333333333333
0.8893333333333333
0.8796666666666667
0.892
0.8783333333333333
0.8916666666666667
0.876
0.8866666666666667
0.9006666666666666
0.8923333333333333
0.8933333333333333
0.8883333333333333
0.878
0.8946666666666667
0.8703333333333333
0.8693333333333333
0.8886666666666667
0.8793333333333333
0.895
0.8843333333333333
0.8793333333333333
0.8983333333333333
0.8896666666666667
0.8993333333333333
0.8806666666666667
0.882
0.8943333333333333
0.8826666666666667
0.873
0.893
0.8756666666666667
0.8893333333333333
0.8846666666666667
0.8833333333333333
0.8843333333333333
0.887
0.8856666666666667
0.8846666666666667
0.89
0.8843333333333333
0.8893333333333333
0.876
0.893
0.8776666666666667
0.878
0.8756666666666667
0.8996666666666666
0.8843333333333333
0.8736666666666667
0.8933333333333333
0.885
0.8806666666666667
0.89
0.9
0.89
0.876
0.8813333333333333
0.866
0.8836666666666667
0.8956666666666667
0.8796666666666667
0.8786666666666667
0.877
0.88
0.896
0.8826666666666667
0.8906666666666667
0.894
0.8796666666666667
0.8896666666666667
0.8876666666666667
0.88
0.879
0.8756666666666667
0.8843333333333333
0.8856666666666667
0.882
0.887
0.861
0.8796666666666667
0.8883333333333333
0.8856666666666667
0.8833333333333333
0.893
0.884
0.876
0.8913333333333333
0.883
0.8943333333333333
0.9006666666666666
0.895
0.882
0.891
0.8763333333333333
0.883
0.8683333333333333
0.8806666666666667
0.873
0.8876666666666667
0.8906666666666667
0.891
0.868
0.8933333333333333
0.895
0.8933333333333333
0.884
0.8773333333333333
0.8663333333333333
0.8783333333333333
0.8713333333333333
0.893
0.8736666666666667
0.891
0.8873333333333333
0.882
0.894
0.889
0.8796666666666667
0.889
0.8826666666666667
0.875
0.882
0.8813333333333333
0.8996666666666666
0.874
0.881
0.8853333333333333
0.8786666666666667
0.8766666666666667
0.878
0.892
0.875
0.872
0.8756666666666667
0.886
0.898
0.8953333333333333
0.876
0.882
0.8886666666666667
0.8876666666666667
0.8953333333333333
0.8776666666666667
0.884
0.8803333333333333
0.879
0.8776666666666667
0.888
0.8803333333333333
0.8906666666666667
