0.9653333333333334
0.952
0.9476666666666667
0.94
0.9276666666666666
0.916
0.916
0.9123333333333333
0.9106666666666666
0.8933333333333333
0.9033333333333333
0.9026666666666666
0.895
0.882
0.8736666666666667
0.8796666666666667
0.8783333333333333
0.881
0.869
0.8666666666666667
0.863
0.85
0.8566666666666667
0.8636666666666667
0.8523333333333334
0.8593333333333333
0.8513333333333334
0.8483333333333334
0.8473333333333334
0.8496666666666667
0.8413333333333334
0.8546666666666667
0.8423333333333334
0.8436666666666667
0.838
0.838
0.8406666666666667
0.8406666666666667
0.831
0.8376666666666667
0.8343333333333334
0.836
0.833
0.8113333333333334
0.8313333333333334
0.8213333333333334
0.83
0.8283333333333334
0.817
0.827
0.8276666666666667
0.8183333333333334
0.8093333333333333
0.8116666666666666
0.7973333333333333
0.8243333333333334
0.8113333333333334
0.817
0.8126666666666666
0.813
0.7986666666666666
0.812
0.8093333333333333
0.8036666666666666
0.8223333333333334
0.8086666666666666
0.812
0.815
0.813
0.8066666666666666
0.7993333333333333
0.8016666666666666
0.8063333333333333
0.8026666666666666
0.8036666666666666
0.7956666666666666
0.8116666666666666
0.803
0.8
0.8166666666666667
0.8063333333333333
0.808
0.801
0.798
0.8026666666666666
0.7973333333333333
0.8046666666666666
0.7916666666666666
0.7906666666666666
0.8056666666666666
0.7993333333333333
0.793
0.7863333333333333
0.788
0.8016666666666666
0.7833333333333333
0.7986666666666666
0.7963333333333333
0.8113333333333334
0.789
0.7863333333333333
0.7973333333333333
0.7753333333333333
0.7996666666666666
0.7933333333333333
0.7906666666666666
0.791
0.7956666666666666
0.7826666666666666
0.8023333333333333
0.789
0.799
0.784
0.7776666666666666
0.7946666666666666
0.7843333333333333
0.7996666666666666
0.798
0.784
0.7893333333333333
0.7896666666666666
0.793
0.792
0.782
0.79
0.7863333333333333
0.7753333333333333
0.7836666666666666
0.781
0.7886666666666666
0.782
0.785
0.7906666666666666
0.7823333333333333
0.7796666666666666
0.786
0.782
0.7636666666666667
0.786
0.783
0.7833333333333333
0.7733333333333333
0.774
0.7823333333333333
0.77
0.7866666666666666
0.7926666666666666
0.7836666666666666
0.7816666666666666
0.769
0.793
0.7826666666666666
0.7863333333333333
0.7736666666666666
0.7873333333333333
0.787
0.7943333333333333
0.7816666666666666
0.7683333333333333
0.787
0.7903333333333333
0.7866666666666666
0.7863333333333333
0.7936666666666666
0.7716666666666666
0.7926666666666666
0.7823333333333333
0.7813333333333333
0.7806666666666666
0.786
0.77
0.7753333333333333
0.784
0.7716666666666666
0.7786666666666666
0.7786666666666666
0.7776666666666666
0.7743333333333333
0.7963333333333333
0.7753333333333333
0.777
0.769
0.774
0.7756666666666666
0.7673333333333333
0.7866666666666666
0.773
0.787
0.793
0.7846666666666666
0.78
0.778
0.7563333333333333
0.7823333333333333
0.7796666666666666
0.7763333333333333
0.7766666666666666
0.769
0.7746666666666666
0.774
0.777
0.7743333333333333
0.7736666666666666
0.774
0.7683333333333333
0.7786666666666666
0.7756666666666666
0.7703333333333333
0.7826666666666666
0.777
0.778
0.782
0.7786666666666666
0.7623333333333333
0.7653333333333333
0.782
0.771
0.775
0.7796666666666666
0.781
0.7856666666666666
0.751
0.772
0.7826666666666666
0.7593333333333333
0.7836666666666666
0.7623333333333333
0.777
0.7676666666666667
0.778
0.783
0.7793333333333333
0.7743333333333333
0.7736666666666666
0.773
0.7756666666666666
0.775
0.7793333333333333
0.7836666666666666
0.7763333333333333
0.784
0.7746666666666666
0.7686666666666667
0.7633333333333333
0.7856666666666666
0.7723333333333333
0.7603333333333333
0.7793333333333333
0.7596666666666667
0.7703333333333333
0.7766666666666666
0.7673333333333333
0.77
0.7636666666666667
0.778
0.767
0.7696666666666667
0.7716666666666666
0.762
0.7753333333333333
0.7723333333333333
0.7686666666666667
0.7713333333333333
0.7826666666666666
0.7726666666666666
0.763
0.7646666666666667
0.7663333333333333
0.7796666666666666
0.7623333333333333
0.7643333333333333
0.7743333333333333
0.7756666666666666
0.7833333333333333
0.7696666666666667
0.7583333333333333
0.7463333333333333
0.7793333333333333
0.781
0.786
0.778
0.7593333333333333
0.7666666666666667
0.772
0.7726666666666666
0.7626666666666667
0.7743333333333333
0.7733333333333333
0.7493333333333333
0.7656666666666667
0.7656666666666667
0.7693333333333333
0.773
0.7496666666666667
0.7853333333333333
0.776
0.7566666666666667
0.771
0.7706666666666667
0.7616666666666667
0.7736666666666666
0.7723333333333333
0.77
0.7703333333333333
0.775
0.767
0.765
0.769
0.772
0.766
0.7813333333333333
0.7643333333333333
0.7646666666666667
0.7693333333333333
0.7683333333333333
0.7706666666666667
0.7636666666666667
0.7703333333333333
0.7606666666666667
0.7636666666666667
0.7743333333333333
0.7696666666666667
0.774
0.7666666666666667
0.767
0.761
0.755
0.7766666666666666
0.772
0.7633333333333333
0.7686666666666667
0.764
0.7596666666666667
0.772
0.7626666666666667
0.765
0.77
0.7756666666666666
0.7733333333333333
0.7723333333333333
0.7653333333333333
0.7716666666666666
0.7783333333333333
0.7683333333333333
0.7656666666666667
0.77
0.7723333333333333
0.766
0.7573333333333333
0.7586666666666667
0.7716666666666666
0.7626666666666667
0.7626666666666667
0.7736666666666666
0.7636666666666667
0.776
0.768
0.7653333333333333
0.7603333333333333
0.7713333333333333
0.7746666666666666
0.784
0.773
0.7616666666666667
0.7686666666666667
0.7813333333333333
0.7526666666666667
0.7726666666666666
0.7716666666666666
0.7576666666666667
0.7626666666666667
0.7633333333333333
0.7623333333333333
0.7706666666666667
0.7643333333333333
0.755
0.7753333333333333
0.777
0.7686666666666667
0.766
0.752
0.7723333333333333
0.7706666666666667
0.7603333333333333
0.764
0.763
0.768
0.7646666666666667
0.7696666666666667
0.764
0.7686666666666667
0.76
0.772
0.77
0.766
0.7773333333333333
0.7666666666666667
0.7686666666666667
0.7686666666666667
0.771
0.752
0.7603333333333333
0.766
0.7626666666666667
0.76
0.7683333333333333
0.7686666666666667
0.7596666666666667
0.778
0.7636666666666667
0.7626666666666667
0.7683333333333333
0.763
0.7706666666666667
0.7606666666666667
0.7606666666666667
0.7663333333333333
0.771
0.76
0.7663333333333333
0.7736666666666666
0.7736666666666666
0.7756666666666666
0.7786666666666666
0.765
0.7623333333333333
0.7606666666666667
0.7546666666666667
0.7646666666666667
0.7456666666666667
0.76
0.7673333333333333
0.7706666666666667
0.7566666666666667
0.773
0.76
0.7643333333333333
0.7646666666666667
0.7706666666666667
0.7713333333333333
0.7676666666666667
0.7603333333333333
0.757
0.7643333333333333
0.765
0.7726666666666666
0.7653333333333333
0.7686666666666667
0.7623333333333333
0.7606666666666667
0.769
0.7493333333333333
0.7596666666666667
0.7786666666666666
0.7773333333333333
0.7776666666666666
0.7733333333333333
0.7613333333333333
0.7703333333333333
0.7566666666666667
0.7583333333333333
0.769
0.75
0.7576666666666667
0.7566666666666667
0.7616666666666667
0.7683333333333333
0.767
0.7593333333333333
0.764
0.769
0.7733333333333333
0.7606666666666667
0.7513333333333333
0.7576666666666667
0.7603333333333333
0.7713333333333333
0.7643333333333333
0.7616666666666667
0.7543333333333333
0.7596666666666667
0.7706666666666667
0.7546666666666667
0.7556666666666667
0.7493333333333333
0.7716666666666666
0.7666666666666667
0.773
0.7686666666666667
0.773
0.775
0.772
0.755
0.7466666666666667
0.771
0.761
0.7723333333333333
0.7606666666666667
0.7703333333333333
0.7503333333333333
0.767
0.7593333333333333
0.769
0.7593333333333333
0.7693333333333333
