0.9556666666666667
0.938
0.9366666666666666
0.9263333333333333
0.9103333333333333
0.9056666666666666
0.903
0.9
0.8986666666666666
0.8803333333333333
0.8923333333333333
0.894
0.8823333333333333
0.871
0.8606666666666667
0.87
0.8706666666666667
0.869
0.8623333333333333
0.86
0.855
0.8423333333333334
0.8516666666666667
0.8543333333333333
0.8466666666666667
0.8516666666666667
0.8453333333333334
0.8403333333333334
0.842
0.8453333333333334
0.8343333333333334
0.8496666666666667
0.8346666666666667
0.8393333333333334
0.8306666666666667
0.8336666666666667
0.8373333333333334
0.8373333333333334
0.827
0.833
0.8306666666666667
0.8296666666666667
0.828
0.8086666666666666
0.8283333333333334
0.8206666666666667
0.8253333333333334
0.8243333333333334
0.8153333333333334
0.825
0.8236666666666667
0.8153333333333334
0.8066666666666666
0.8066666666666666
0.7963333333333333
0.8216666666666667
0.8086666666666666
0.815
0.8106666666666666
0.8093333333333333
0.7953333333333333
0.8096666666666666
0.8086666666666666
0.8013333333333333
0.8203333333333334
0.8086666666666666
0.8116666666666666
0.815
0.8106666666666666
0.804
0.7963333333333333
0.804
0.8056666666666666
0.8006666666666666
0.8023333333333333
0.795
0.8113333333333334
0.8023333333333333
0.8003333333333333
0.8153333333333334
0.8036666666666666
0.8066666666666666
0.8006666666666666
0.797
0.801
0.798
0.803
0.7913333333333333
0.7886666666666666
0.805
0.797
0.7906666666666666
0.785
0.7876666666666666
0.8016666666666666
0.782
0.796
0.7946666666666666
0.8096666666666666
0.7896666666666666
0.786
0.7966666666666666
0.774
0.7973333333333333
0.79
0.7903333333333333
0.791
0.7936666666666666
0.781
0.8016666666666666
0.788
0.7996666666666666
0.7843333333333333
0.776
0.794
0.7843333333333333
0.8013333333333333
0.7953333333333333
0.7856666666666666
0.789
0.791
0.7916666666666666
0.7913333333333333
0.783
0.7873333333333333
0.787
0.7736666666666666
0.786
0.781
0.7876666666666666
0.781
0.785
0.7913333333333333
0.782
0.7796666666666666
0.787
0.7813333333333333
0.764
0.787
0.7823333333333333
0.7836666666666666
0.7723333333333333
0.7756666666666666
0.7823333333333333
0.769
0.7886666666666666
0.792
0.7826666666666666
0.783
0.768
0.7946666666666666
0.7833333333333333
0.786
0.773
0.788
0.784
0.7926666666666666
0.781
0.7666666666666667
0.7866666666666666
0.7903333333333333
0.786
0.786
0.7953333333333333
0.771
0.7926666666666666
0.783
0.7806666666666666
0.7793333333333333
0.7853333333333333
0.7703333333333333
0.775
0.7843333333333333
0.7713333333333333
0.7786666666666666
0.778
0.7766666666666666
0.775
0.7966666666666666
0.774
0.7763333333333333
0.7696666666666667
0.7733333333333333
0.776
0.7673333333333333
0.786
0.7743333333333333
0.786
0.793
0.7836666666666666
0.7803333333333333
0.777
0.7563333333333333
0.782
0.7786666666666666
0.7756666666666666
0.776
0.7676666666666667
0.7723333333333333
0.7746666666666666
0.7756666666666666
0.7756666666666666
0.7743333333333333
0.7746666666666666
0.7676666666666667
0.779
0.7743333333333333
0.771
0.782
0.7763333333333333
0.7763333333333333
0.7803333333333333
0.7786666666666666
0.7636666666666667
0.766
0.782
0.7716666666666666
0.7736666666666666
0.7786666666666666
0.7796666666666666
0.7853333333333333
0.752
0.7736666666666666
0.7826666666666666
0.7606666666666667
0.784
0.7623333333333333
0.778
0.7673333333333333
0.7776666666666666
0.7833333333333333
0.779
0.7753333333333333
0.7736666666666666
0.7723333333333333
0.7753333333333333
0.774
0.7786666666666666
0.784
0.776
0.785
0.7743333333333333
0.7673333333333333
0.7636666666666667
0.7833333333333333
0.7726666666666666
0.7616666666666667
0.78
0.7586666666666667
0.7696666666666667
0.778
0.769
0.7703333333333333
0.7653333333333333
0.7793333333333333
0.7666666666666667
0.768
0.7723333333333333
0.763
0.7763333333333333
0.773
0.7696666666666667
0.7716666666666666
0.7823333333333333
0.7746666666666666
0.7646666666666667
0.7653333333333333
0.7646666666666667
0.7793333333333333
0.7616666666666667
0.7643333333333333
0.7746666666666666
0.7753333333333333
0.784
0.769
0.7573333333333333
0.7463333333333333
0.7806666666666666
0.7803333333333333
0.7856666666666666
0.779
0.76
0.7663333333333333
0.7723333333333333
0.772
0.763
0.774
0.773
0.7503333333333333
0.7653333333333333
0.7663333333333333
0.7696666666666667
0.7733333333333333
0.7496666666666667
0.7853333333333333
0.7766666666666666
0.7543333333333333
0.7706666666666667
0.7696666666666667
0.7613333333333333
0.774
0.7723333333333333
0.7706666666666667
0.7706666666666667
0.7746666666666666
0.7663333333333333
0.7646666666666667
0.7696666666666667
0.7716666666666666
0.7653333333333333
0.7806666666666666
0.7643333333333333
0.7653333333333333
0.7683333333333333
0.7676666666666667
0.769
0.7643333333333333
0.77
0.76
0.764
0.773
0.7686666666666667
0.7733333333333333
0.7666666666666667
0.7663333333333333
0.7606666666666667
0.756
0.777
0.7716666666666666
0.764
0.7686666666666667
0.7643333333333333
0.7606666666666667
0.7716666666666666
0.7636666666666667
0.7643333333333333
0.7693333333333333
0.7746666666666666
0.7736666666666666
0.772
0.766
0.7723333333333333
0.7786666666666666
0.7686666666666667
0.7673333333333333
0.7703333333333333
0.7706666666666667
0.7653333333333333
0.758
0.759
0.7713333333333333
0.7626666666666667
0.763
0.7733333333333333
0.7633333333333333
0.7766666666666666
0.7686666666666667
0.7653333333333333
0.76
0.7713333333333333
0.7746666666666666
0.7836666666666666
0.7736666666666666
0.7616666666666667
0.7683333333333333
0.782
0.7536666666666667
0.773
0.7723333333333333
0.7573333333333333
0.7626666666666667
0.764
0.762
0.7703333333333333
0.7646666666666667
0.755
0.7746666666666666
0.7766666666666666
0.7683333333333333
0.7656666666666667
0.7513333333333333
0.7713333333333333
0.771
0.7613333333333333
0.764
0.7633333333333333
0.768
0.7646666666666667
0.7696666666666667
0.764
0.7683333333333333
0.76
0.7736666666666666
0.769
0.7663333333333333
0.7773333333333333
0.7673333333333333
0.7686666666666667
0.7686666666666667
0.771
0.7536666666666667
0.761
0.764
0.7623333333333333
0.7606666666666667
0.769
0.768
0.7586666666666667
0.7773333333333333
0.7636666666666667
0.7626666666666667
0.7676666666666667
0.763
0.77
0.7613333333333333
0.7603333333333333
0.7666666666666667
0.7713333333333333
0.7596666666666667
0.7666666666666667
0.7726666666666666
0.7736666666666666
0.7766666666666666
0.7786666666666666
0.7643333333333333
0.7633333333333333
0.7603333333333333
0.7553333333333333
0.7646666666666667
0.746
0.7593333333333333
0.7663333333333333
0.771
0.7566666666666667
0.7726666666666666
0.7603333333333333
0.7643333333333333
0.7653333333333333
0.7706666666666667
0.7706666666666667
0.7676666666666667
0.7603333333333333
0.758
0.7653333333333333
0.766
0.7716666666666666
0.7656666666666667
0.7696666666666667
0.7623333333333333
0.7603333333333333
0.769
0.7493333333333333
0.7596666666666667
0.7783333333333333
0.7773333333333333
0.778
0.775
0.7613333333333333
0.7703333333333333
0.7563333333333333
0.758
0.768
0.7493333333333333
0.7566666666666667
0.7563333333333333
0.7616666666666667
0.769
0.767
0.7593333333333333
0.764
0.769
0.7736666666666666
0.7603333333333333
0.7516666666666667
0.7576666666666667
0.76
0.7713333333333333
0.7646666666666667
0.7606666666666667
0.7543333333333333
0.7593333333333333
0.7703333333333333
0.7543333333333333
0.756
0.7493333333333333
0.7713333333333333
0.7653333333333333
0.773
0.7693333333333333
0.7733333333333333
0.7743333333333333
0.7723333333333333
0.756
0.747
0.771
0.7613333333333333
0.772
0.761
0.7696666666666667
0.75
0.7673333333333333
0.7593333333333333
0.769
0.7593333333333333
0.7696666666666667
