0.9723333333333334
0.961
0.9556666666666667
0.9483333333333334
0.937
0.9246666666666666
0.9273333333333333
0.9196666666666666
0.9203333333333333
0.9063333333333333
0.9123333333333333
0.9076666666666666
0.9033333333333333
0.8883333333333333
0.8823333333333333
0.888
0.8856666666666667
0.891
0.8743333333333333
0.871
0.8693333333333333
0.854
0.8623333333333333
0.8683333333333333
0.858
0.8646666666666667
0.8566666666666667
0.8536666666666667
0.851
0.851
0.8456666666666667
0.8566666666666667
0.8453333333333334
0.8493333333333334
0.8406666666666667
0.841
0.8473333333333334
0.8433333333333334
0.837
0.8416666666666667
0.8373333333333334
0.8373333333333334
0.8346666666666667
0.8136666666666666
0.8363333333333334
0.8236666666666667
0.8316666666666667
0.829
0.8206666666666667
0.8293333333333334
0.83
0.823
0.8143333333333334
0.8146666666666667
0.8003333333333333
0.8263333333333334
0.8123333333333334
0.819
0.8136666666666666
0.817
0.7996666666666666
0.815
0.811
0.806
0.8236666666666667
0.8086666666666666
0.814
0.8136666666666666
0.8156666666666667
0.808
0.802
0.8036666666666666
0.8066666666666666
0.8046666666666666
0.805
0.7966666666666666
0.811
0.803
0.801
0.8186666666666667
0.8076666666666666
0.8086666666666666
0.8006666666666666
0.7983333333333333
0.804
0.798
0.8056666666666666
0.7946666666666666
0.7926666666666666
0.805
0.7996666666666666
0.7943333333333333
0.7886666666666666
0.7893333333333333
0.8036666666666666
0.7846666666666666
0.799
0.7986666666666666
0.812
0.7883333333333333
0.7866666666666666
0.7993333333333333
0.7763333333333333
0.7993333333333333
0.7933333333333333
0.793
0.7916666666666666
0.796
0.7823333333333333
0.802
0.79
0.7983333333333333
0.784
0.7793333333333333
0.7936666666666666
0.784
0.7996666666666666
0.798
0.783
0.79
0.7903333333333333
0.793
0.7936666666666666
0.7843333333333333
0.7906666666666666
0.7876666666666666
0.777
0.7863333333333333
0.7816666666666666
0.7896666666666666
0.7816666666666666
0.7866666666666666
0.79
0.7826666666666666
0.78
0.7863333333333333
0.7843333333333333
0.7643333333333333
0.7856666666666666
0.783
0.7846666666666666
0.774
0.7743333333333333
0.7826666666666666
0.769
0.7873333333333333
0.7923333333333333
0.7826666666666666
0.7816666666666666
0.7696666666666667
0.793
0.7816666666666666
0.7863333333333333
0.774
0.7856666666666666
0.7873333333333333
0.7946666666666666
0.7826666666666666
0.7683333333333333
0.7853333333333333
0.7906666666666666
0.7863333333333333
0.7866666666666666
0.7943333333333333
0.771
0.7933333333333333
0.782
0.7823333333333333
0.7803333333333333
0.785
0.7703333333333333
0.7753333333333333
0.7836666666666666
0.772
0.7786666666666666
0.7793333333333333
0.7776666666666666
0.7736666666666666
0.796
0.7753333333333333
0.778
0.7696666666666667
0.7733333333333333
0.774
0.7673333333333333
0.7856666666666666
0.7706666666666667
0.787
0.7923333333333333
0.7843333333333333
0.78
0.7776666666666666
0.7563333333333333
0.782
0.782
0.777
0.7753333333333333
0.7696666666666667
0.7746666666666666
0.7743333333333333
0.777
0.7746666666666666
0.7736666666666666
0.7743333333333333
0.768
0.78
0.7756666666666666
0.7703333333333333
0.7823333333333333
0.7773333333333333
0.7786666666666666
0.7836666666666666
0.7796666666666666
0.7616666666666667
0.765
0.781
0.7716666666666666
0.774
0.779
0.7816666666666666
0.785
0.7506666666666667
0.7723333333333333
0.783
0.7583333333333333
0.7833333333333333
0.763
0.777
0.769
0.7776666666666666
0.783
0.78
0.775
0.7736666666666666
0.7733333333333333
0.7756666666666666
0.7746666666666666
0.78
0.784
0.7766666666666666
0.7836666666666666
0.7736666666666666
0.768
0.7633333333333333
0.786
0.7723333333333333
0.7603333333333333
0.7786666666666666
0.7603333333333333
0.7703333333333333
0.778
0.7676666666666667
0.7706666666666667
0.7636666666666667
0.777
0.766
0.769
0.771
0.7626666666666667
0.7756666666666666
0.773
0.769
0.7706666666666667
0.7833333333333333
0.7733333333333333
0.7636666666666667
0.764
0.7676666666666667
0.779
0.7616666666666667
0.7636666666666667
0.774
0.7766666666666666
0.7826666666666666
0.7706666666666667
0.7596666666666667
0.7493333333333333
0.7796666666666666
0.7806666666666666
0.7856666666666666
0.7786666666666666
0.759
0.7663333333333333
0.773
0.773
0.7616666666666667
0.7756666666666666
0.7736666666666666
0.7493333333333333
0.7656666666666667
0.7656666666666667
0.769
0.7746666666666666
0.7503333333333333
0.785
0.776
0.7576666666666667
0.7716666666666666
0.7713333333333333
0.762
0.7743333333333333
0.773
0.771
0.7706666666666667
0.7756666666666666
0.767
0.7646666666666667
0.77
0.7723333333333333
0.766
0.7813333333333333
0.7646666666666667
0.7646666666666667
0.7686666666666667
0.7676666666666667
0.77
0.7643333333333333
0.7706666666666667
0.761
0.763
0.7753333333333333
0.7693333333333333
0.7733333333333333
0.767
0.768
0.7613333333333333
0.755
0.7756666666666666
0.7716666666666666
0.7633333333333333
0.7683333333333333
0.764
0.7596666666666667
0.7713333333333333
0.7623333333333333
0.7656666666666667
0.7696666666666667
0.7756666666666666
0.7736666666666666
0.7726666666666666
0.7656666666666667
0.771
0.779
0.7683333333333333
0.7653333333333333
0.769
0.7723333333333333
0.7653333333333333
0.7563333333333333
0.758
0.7726666666666666
0.7623333333333333
0.762
0.7733333333333333
0.7633333333333333
0.7766666666666666
0.768
0.7656666666666667
0.7603333333333333
0.7723333333333333
0.775
0.7846666666666666
0.7726666666666666
0.761
0.7683333333333333
0.7816666666666666
0.752
0.7726666666666666
0.7716666666666666
0.757
0.7623333333333333
0.7636666666666667
0.7613333333333333
0.7696666666666667
0.7636666666666667
0.756
0.7746666666666666
0.777
0.7676666666666667
0.7666666666666667
0.7516666666666667
0.7723333333333333
0.771
0.7603333333333333
0.7646666666666667
0.7633333333333333
0.7673333333333333
0.764
0.77
0.765
0.769
0.7603333333333333
0.7716666666666666
0.77
0.7663333333333333
0.7773333333333333
0.767
0.7686666666666667
0.7683333333333333
0.769
0.7523333333333333
0.76
0.7656666666666667
0.7626666666666667
0.7603333333333333
0.768
0.7683333333333333
0.7593333333333333
0.778
0.7646666666666667
0.7616666666666667
0.769
0.7626666666666667
0.7706666666666667
0.76
0.7606666666666667
0.7673333333333333
0.7706666666666667
0.7603333333333333
0.766
0.7736666666666666
0.7733333333333333
0.7753333333333333
0.7796666666666666
0.765
0.7616666666666667
0.7606666666666667
0.754
0.7643333333333333
0.746
0.7603333333333333
0.7666666666666667
0.771
0.7573333333333333
0.7726666666666666
0.7596666666666667
0.7643333333333333
0.7636666666666667
0.7703333333333333
0.771
0.766
0.759
0.757
0.765
0.765
0.773
0.7653333333333333
0.7683333333333333
0.762
0.76
0.7686666666666667
0.7496666666666667
0.7593333333333333
0.7796666666666666
0.7763333333333333
0.778
0.7726666666666666
0.7613333333333333
0.7706666666666667
0.7576666666666667
0.7583333333333333
0.7693333333333333
0.7503333333333333
0.7573333333333333
0.7583333333333333
0.7613333333333333
0.7683333333333333
0.767
0.759
0.765
0.7693333333333333
0.7723333333333333
0.7603333333333333
0.7523333333333333
0.758
0.7603333333333333
0.7713333333333333
0.7636666666666667
0.7613333333333333
0.7536666666666667
0.7593333333333333
0.771
0.7536666666666667
0.756
0.749
0.7716666666666666
0.7666666666666667
0.773
0.7693333333333333
0.773
0.7753333333333333
0.772
0.7546666666666667
0.7463333333333333
0.7706666666666667
0.7613333333333333
0.7723333333333333
0.7603333333333333
0.7706666666666667
0.7516666666666667
0.7673333333333333
0.76
0.7683333333333333
0.759
0.7696666666666667
