0.8823333333333333
0.8856666666666667
0.8803333333333333
0.8886666666666667
0.876
0.8763333333333333
0.8776666666666667
0.873
0.8766666666666667
0.8563333333333333
0.8713333333333333
0.8743333333333333
0.873
0.8563333333333333
0.8583333333333333
0.8653333333333333
0.8653333333333333
0.8673333333333333
0.8606666666666667
0.8683333333333333
0.86
0.8673333333333333
0.8683333333333333
0.8716666666666667
0.8633333333333333
0.867
0.8506666666666667
0.858
0.8636666666666667
0.868
0.8623333333333333
0.877
0.8636666666666667
0.8673333333333333
0.857
0.86
0.8533333333333334
0.8666666666666667
0.86
0.8606666666666667
0.8603333333333333
0.8603333333333333
0.8603333333333333
0.8613333333333333
0.868
0.8553333333333333
0.8613333333333333
0.8603333333333333
0.8546666666666667
0.8633333333333333
0.8536666666666667
0.8533333333333334
0.855
0.853
0.844
0.8653333333333333
0.857
0.862
0.8566666666666667
0.8556666666666667
0.85
0.8573333333333333
0.859
0.848
0.8626666666666667
0.85
0.8513333333333334
0.871
0.8523333333333334
0.849
0.848
0.8533333333333334
0.862
0.861
0.8543333333333333
0.838
0.8633333333333333
0.8523333333333334
0.8506666666666667
0.862
0.849
0.856
0.8513333333333334
0.8536666666666667
0.855
0.8473333333333334
0.8543333333333333
0.8453333333333334
0.8533333333333334
0.864
0.8493333333333334
0.8476666666666667
0.8513333333333334
0.855
0.8566666666666667
0.852
0.8563333333333333
0.848
0.8623333333333333
0.851
0.8453333333333334
0.8523333333333334
0.8503333333333334
0.8596666666666667
0.85
0.8616666666666667
0.8523333333333334
0.8523333333333334
0.839
0.8596666666666667
0.8476666666666667
0.8626666666666667
0.854
0.8433333333333334
0.8606666666666667
0.858
0.8653333333333333
0.849
0.8536666666666667
0.843
0.8463333333333334
0.863
0.8516666666666667
0.842
0.8663333333333333
0.845
0.8503333333333334
0.8516666666666667
0.8503333333333334
0.8556666666666667
0.85
0.8543333333333333
0.8616666666666667
0.8476666666666667
0.8486666666666667
0.853
0.8566666666666667
0.8346666666666667
0.854
0.8533333333333334
0.8506666666666667
0.846
0.8383333333333334
0.847
0.855
0.8523333333333334
0.8653333333333333
0.8483333333333334
0.8503333333333334
0.847
0.8553333333333333
0.857
0.854
0.8423333333333334
0.861
0.847
0.845
0.8453333333333334
0.8436666666666667
0.846
0.851
0.867
0.8456666666666667
0.8556666666666667
0.838
0.857
0.8536666666666667
0.8456666666666667
0.8513333333333334
0.857
0.8423333333333334
0.8593333333333333
0.8486666666666667
0.835
0.8463333333333334
0.8486666666666667
0.8446666666666667
0.8423333333333334
0.8563333333333333
0.852
0.8586666666666667
0.8463333333333334
0.845
0.832
0.844
0.8543333333333333
0.845
0.8476666666666667
0.8526666666666667
0.848
0.8446666666666667
0.8413333333333334
0.835
0.8546666666666667
0.861
0.8443333333333334
0.849
0.8436666666666667
0.852
0.846
0.8506666666666667
0.8613333333333333
0.841
0.843
0.8503333333333334
0.844
0.848
0.8426666666666667
0.8536666666666667
0.8556666666666667
0.843
0.8506666666666667
0.8523333333333334
0.841
0.8456666666666667
0.864
0.8416666666666667
0.8516666666666667
0.845
0.8593333333333333
0.8506666666666667
0.8363333333333334
0.848
0.8463333333333334
0.835
0.851
0.8436666666666667
0.851
0.8466666666666667
0.854
0.8516666666666667
0.8486666666666667
0.846
0.842
0.848
0.85
0.839
0.8603333333333333
0.848
0.8523333333333334
0.8536666666666667
0.8543333333333333
0.839
0.84
0.8556666666666667
0.84
0.835
0.846
0.84
0.8416666666666667
0.8473333333333334
0.8476666666666667
0.844
0.8413333333333334
0.852
0.849
0.843
0.85
0.838
0.8493333333333334
0.8423333333333334
0.8523333333333334
0.8446666666666667
0.8606666666666667
0.848
0.843
0.844
0.8436666666666667
0.8623333333333333
0.8353333333333334
0.8413333333333334
0.854
0.8556666666666667
0.8576666666666667
0.843
0.8313333333333334
0.8343333333333334
0.853
0.8463333333333334
0.8586666666666667
0.851
0.847
0.846
0.849
0.8503333333333334
0.8373333333333334
0.861
0.846
0.8443333333333334
0.854
0.851
0.8403333333333334
0.8413333333333334
0.8383333333333334
0.8573333333333333
0.8406666666666667
0.8436666666666667
0.8436666666666667
0.8356666666666667
0.8436666666666667
0.8456666666666667
0.8556666666666667
0.857
0.849
0.849
0.8496666666666667
0.853
0.8513333333333334
0.842
0.848
0.863
0.8466666666666667
0.8466666666666667
0.8583333333333333
0.8363333333333334
0.8546666666666667
0.8463333333333334
0.8523333333333334
0.8356666666666667
0.8353333333333334
0.8503333333333334
0.8583333333333333
0.8486666666666667
0.846
0.8416666666666667
0.8516666666666667
0.8476666666666667
0.8546666666666667
0.8436666666666667
0.851
0.8463333333333334
0.845
0.8546666666666667
0.8413333333333334
0.8493333333333334
0.8503333333333334
0.8553333333333333
0.8473333333333334
0.8383333333333334
0.8436666666666667
0.8413333333333334
0.8476666666666667
0.848
0.8523333333333334
0.8486666666666667
0.848
0.839
0.8496666666666667
0.8336666666666667
0.8396666666666667
0.8483333333333334
0.8373333333333334
0.8393333333333334
0.8456666666666667
0.8406666666666667
0.8393333333333334
0.8496666666666667
0.851
0.8496666666666667
0.8403333333333334
0.8556666666666667
0.8563333333333333
0.8503333333333334
0.8476666666666667
0.85
0.857
0.839
0.8483333333333334
0.858
0.8296666666666667
0.8483333333333334
0.8503333333333334
0.8486666666666667
0.8473333333333334
0.839
0.8426666666666667
0.8473333333333334
0.8523333333333334
0.848
0.8423333333333334
0.8403333333333334
0.8493333333333334
0.844
0.841
0.8456666666666667
0.8306666666666667
0.8523333333333334
0.845
0.849
0.844
0.846
0.8453333333333334
0.8476666666666667
0.84
0.8443333333333334
0.8483333333333334
0.8506666666666667
0.8586666666666667
0.8586666666666667
0.838
0.8446666666666667
0.855
0.853
0.8463333333333334
0.8436666666666667
0.852
0.8463333333333334
0.845
0.8526666666666667
0.8473333333333334
0.8423333333333334
0.8426666666666667
0.844
0.8463333333333334
0.852
0.838
0.8406666666666667
0.8473333333333334
0.832
0.8536666666666667
0.8443333333333334
0.8506666666666667
0.8546666666666667
0.8516666666666667
0.851
0.848
0.828
0.8353333333333334
0.8593333333333333
0.8383333333333334
0.8393333333333334
0.8423333333333334
0.85
0.8453333333333334
0.8523333333333334
0.8426666666666667
0.8446666666666667
0.8423333333333334
0.845
0.8466666666666667
0.8386666666666667
0.8486666666666667
0.8356666666666667
0.85
0.8493333333333334
0.841
0.847
0.8473333333333334
0.8376666666666667
0.8493333333333334
0.8476666666666667
0.838
0.8283333333333334
0.852
0.8496666666666667
0.849
0.8423333333333334
0.8413333333333334
0.8563333333333333
0.8493333333333334
0.8526666666666667
0.8466666666666667
0.8333333333333334
0.8426666666666667
0.8423333333333334
0.8473333333333334
0.8506666666666667
0.854
0.843
0.8353333333333334
0.8543333333333333
0.8546666666666667
0.841
0.852
0.8456666666666667
0.8396666666666667
0.8573333333333333
0.8416666666666667
0.849
0.8403333333333334
0.8436666666666667
0.848
0.8383333333333334
0.8386666666666667
0.8413333333333334
0.8476666666666667
0.842
0.8496666666666667
0.84
0.8493333333333334
0.849
0.85
0.8373333333333334
0.841
0.854
0.8466666666666667
0.8603333333333333
0.8363333333333334
0.853
0.844
0.8486666666666667
0.8403333333333334
0.846
0.8413333333333334
0.855
