0.8261666666666667
0.8156666666666667
0.813
0.8323333333333334
0.8203333333333334
0.8146666666666667
0.8113333333333334
0.8136666666666666
0.8163333333333334
0.8063333333333333
0.8073333333333333
0.802
0.8013333333333333
0.8003333333333333
0.7886666666666666
0.8086666666666666
0.8026666666666666
0.8073333333333333
0.8113333333333334
0.8073333333333333
0.8003333333333333
0.7996666666666666
0.811
0.813
0.8126666666666666
0.814
0.804
0.808
0.811
0.8083333333333333
0.8103333333333333
0.8243333333333334
0.8083333333333333
0.8133333333333334
0.8093333333333333
0.8033333333333333
0.8066666666666666
0.815
0.806
0.805
0.7983333333333333
0.8073333333333333
0.8133333333333334
0.8
0.8163333333333334
0.806
0.8083333333333333
0.806
0.803
0.811
0.8006666666666666
0.8023333333333333
0.8076666666666666
0.8053333333333333
0.7993333333333333
0.8193333333333334
0.8083333333333333
0.8133333333333334
0.7976666666666666
0.806
0.7893333333333333
0.8036666666666666
0.812
0.8046666666666666
0.82
0.799
0.8103333333333333
0.8193333333333334
0.8026666666666666
0.795
0.7946666666666666
0.804
0.8113333333333334
0.8113333333333334
0.8026666666666666
0.7936666666666666
0.8156666666666667
0.809
0.8023333333333333
0.8216666666666667
0.8076666666666666
0.8136666666666666
0.8026666666666666
0.8036666666666666
0.8053333333333333
0.805
0.8063333333333333
0.7983333333333333
0.8133333333333334
0.813
0.7966666666666666
0.803
0.8066666666666666
0.805
0.8086666666666666
0.8023333333333333
0.811
0.809
0.8163333333333334
0.8123333333333334
0.7993333333333333
0.8023333333333333
0.798
0.814
0.8063333333333333
0.8066666666666666
0.809
0.8036666666666666
0.8046666666666666
0.8113333333333334
0.8006666666666666
0.8233333333333334
0.811
0.7973333333333333
0.815
0.8073333333333333
0.8253333333333334
0.801
0.8093333333333333
0.8053333333333333
0.8086666666666666
0.813
0.8193333333333334
0.7973333333333333
0.8223333333333334
0.7993333333333333
0.8023333333333333
0.806
0.8023333333333333
0.8053333333333333
0.8113333333333334
0.8106666666666666
0.8146666666666667
0.7973333333333333
0.805
0.8166666666666667
0.8056666666666666
0.785
0.8156666666666667
0.811
0.8096666666666666
0.797
0.787
0.807
0.7996666666666666
0.8073333333333333
0.8186666666666667
0.8006666666666666
0.8106666666666666
0.7993333333333333
0.8136666666666666
0.8153333333333334
0.816
0.802
0.8216666666666667
0.804
0.8136666666666666
0.796
0.7986666666666666
0.8073333333333333
0.817
0.8266666666666667
0.8023333333333333
0.813
0.7993333333333333
0.8166666666666667
0.8066666666666666
0.8013333333333333
0.8063333333333333
0.8093333333333333
0.7996666666666666
0.8096666666666666
0.816
0.7976666666666666
0.8113333333333334
0.8046666666666666
0.8033333333333333
0.803
0.819
0.8096666666666666
0.8196666666666667
0.8
0.803
0.8
0.8
0.8143333333333334
0.8036666666666666
0.8063333333333333
0.8116666666666666
0.8183333333333334
0.8043333333333333
0.8033333333333333
0.7906666666666666
0.8133333333333334
0.817
0.797
0.804
0.7963333333333333
0.8023333333333333
0.804
0.8076666666666666
0.8136666666666666
0.8053333333333333
0.8033333333333333
0.8053333333333333
0.8083333333333333
0.8043333333333333
0.8066666666666666
0.8186666666666667
0.8106666666666666
0.801
0.811
0.8056666666666666
0.8006666666666666
0.8073333333333333
0.818
0.797
0.8083333333333333
0.805
0.8173333333333334
0.8063333333333333
0.788
0.811
0.809
0.7933333333333333
0.815
0.7973333333333333
0.8123333333333334
0.812
0.8183333333333334
0.81
0.8103333333333333
0.811
0.8003333333333333
0.8103333333333333
0.802
0.8066666666666666
0.8126666666666666
0.8123333333333334
0.8096666666666666
0.81
0.806
0.8013333333333333
0.799
0.822
0.805
0.7873333333333333
0.8113333333333334
0.8016666666666666
0.802
0.8056666666666666
0.8076666666666666
0.8076666666666666
0.807
0.8183333333333334
0.799
0.8136666666666666
0.8066666666666666
0.802
0.8133333333333334
0.7976666666666666
0.808
0.8113333333333334
0.8196666666666667
0.813
0.804
0.8036666666666666
0.8006666666666666
0.8196666666666667
0.7956666666666666
0.803
0.8106666666666666
0.814
0.8196666666666667
0.8023333333333333
0.7913333333333333
0.7916666666666666
0.8153333333333334
0.803
0.823
0.808
0.8006666666666666
0.8006666666666666
0.8113333333333334
0.8106666666666666
0.802
0.8163333333333334
0.8026666666666666
0.7963333333333333
0.8163333333333334
0.805
0.803
0.806
0.7956666666666666
0.81
0.8026666666666666
0.7946666666666666
0.8073333333333333
0.7963333333333333
0.795
0.815
0.81
0.8186666666666667
0.8083333333333333
0.8083333333333333
0.8023333333333333
0.8063333333333333
0.8116666666666666
0.7996666666666666
0.8076666666666666
0.8256666666666667
0.8063333333333333
0.8073333333333333
0.8116666666666666
0.7976666666666666
0.815
0.802
0.8166666666666667
0.8
0.7993333333333333
0.8116666666666666
0.8166666666666667
0.808
0.808
0.8033333333333333
0.816
0.8076666666666666
0.8176666666666667
0.7986666666666666
0.799
0.8066666666666666
0.7973333333333333
0.81
0.7966666666666666
0.8073333333333333
0.8063333333333333
0.8166666666666667
0.8116666666666666
0.8063333333333333
0.808
0.81
0.808
0.821
0.8136666666666666
0.8036666666666666
0.81
0.8066666666666666
0.807
0.7996666666666666
0.7996666666666666
0.8126666666666666
0.803
0.807
0.8096666666666666
0.7986666666666666
0.8076666666666666
0.81
0.8043333333333333
0.8133333333333334
0.8003333333333333
0.817
0.8266666666666667
0.809
0.803
0.8083333333333333
0.8136666666666666
0.8
0.808
0.8153333333333334
0.798
0.8123333333333334
0.8083333333333333
0.813
0.806
0.7996666666666666
0.7996666666666666
0.8156666666666667
0.8086666666666666
0.8116666666666666
0.8073333333333333
0.8023333333333333
0.8173333333333334
0.81
0.7926666666666666
0.8086666666666666
0.7926666666666666
0.8113333333333334
0.8096666666666666
0.8046666666666666
0.7983333333333333
0.805
0.7993333333333333
0.8136666666666666
0.8043333333333333
0.807
0.808
0.8063333333333333
0.8196666666666667
0.8183333333333334
0.799
0.8016666666666666
0.8023333333333333
0.8066666666666666
0.8093333333333333
0.8113333333333334
0.8166666666666667
0.801
0.811
0.8193333333333334
0.809
0.8053333333333333
0.8076666666666666
0.8036666666666666
0.8073333333333333
0.808
0.8006666666666666
0.8116666666666666
0.813
0.8
0.8096666666666666
0.8073333333333333
0.8153333333333334
0.8143333333333334
0.8113333333333334
0.8093333333333333
0.8096666666666666
0.797
0.7936666666666666
0.8116666666666666
0.7953333333333333
0.8016666666666666
0.809
0.8103333333333333
0.8063333333333333
0.8106666666666666
0.804
0.8046666666666666
0.802
0.8086666666666666
0.8116666666666666
0.8053333333333333
0.8046666666666666
0.7956666666666666
0.812
0.8066666666666666
0.8086666666666666
0.8113333333333334
0.812
0.795
0.8016666666666666
0.806
0.7963333333333333
0.7943333333333333
0.8143333333333334
0.8096666666666666
0.8136666666666666
0.8106666666666666
0.809
0.8116666666666666
0.8116666666666666
0.8073333333333333
0.8116666666666666
0.7953333333333333
0.8053333333333333
0.8126666666666666
0.8093333333333333
0.817
0.8126666666666666
0.8006666666666666
0.8006666666666666
0.8126666666666666
0.8196666666666667
0.801
0.8096666666666666
0.806
0.801
0.8096666666666666
0.804
0.8106666666666666
0.7973333333333333
0.8026666666666666
0.8126666666666666
0.802
0.7976666666666666
0.8023333333333333
0.817
0.804
0.812
0.8083333333333333
0.8106666666666666
0.8133333333333334
0.8043333333333333
0.793
0.7903333333333333
0.8163333333333334
0.8013333333333333
0.824
0.798
0.813
0.8013333333333333
0.8136666666666666
0.804
0.811
0.802
0.8233333333333334
