0.9235
0.934
0.9416666666666667
0.9273333333333333
0.919
0.9246666666666666
0.9256666666666666
0.924
0.9273333333333333
0.9176666666666666
0.92
0.928
0.9266666666666666
0.9153333333333333
0.9146666666666666
0.9156666666666666
0.9156666666666666
0.9206666666666666
0.915
0.917
0.9136666666666666
0.9093333333333333
0.907
0.9233333333333333
0.9163333333333333
0.913
0.9176666666666666
0.9126666666666666
0.9096666666666666
0.9166666666666666
0.909
0.924
0.913
0.92
0.912
0.9056666666666666
0.9103333333333333
0.9166666666666666
0.91
0.911
0.9033333333333333
0.911
0.907
0.903
0.9186666666666666
0.9053333333333333
0.9086666666666666
0.9023333333333333
0.9136666666666666
0.9016666666666666
0.911
0.9006666666666666
0.9086666666666666
0.901
0.889
0.9086666666666666
0.904
0.9033333333333333
0.9046666666666666
0.8996666666666666
0.896
0.8943333333333333
0.9103333333333333
0.8996666666666666
0.9053333333333333
0.895
0.903
0.903
0.9016666666666666
0.8983333333333333
0.8973333333333333
0.897
0.898
0.8993333333333333
0.9053333333333333
0.8896666666666667
0.9023333333333333
0.899
0.8976666666666666
0.898
0.8893333333333333
0.901
0.8986666666666666
0.893
0.8953333333333333
0.8933333333333333
0.895
0.8966666666666666
0.9016666666666666
0.9053333333333333
0.8973333333333333
0.9006666666666666
0.9056666666666666
0.8963333333333333
0.908
0.892
0.8946666666666667
0.8956666666666667
0.898
0.8926666666666667
0.886
0.8976666666666666
0.896
0.9003333333333333
0.8896666666666667
0.9056666666666666
0.8963333333333333
0.904
0.8846666666666667
0.8993333333333333
0.8986666666666666
0.9023333333333333
0.9016666666666666
0.896
0.9023333333333333
0.8913333333333333
0.9116666666666666
0.8913333333333333
0.9006666666666666
0.8893333333333333
0.892
0.8966666666666666
0.8953333333333333
0.8896666666666667
0.909
0.8893333333333333
0.8956666666666667
0.8923333333333333
0.895
0.8993333333333333
0.8856666666666667
0.897
0.9036666666666666
0.8833333333333333
0.8946666666666667
0.8976666666666666
0.8923333333333333
0.8743333333333333
0.895
0.897
0.8963333333333333
0.8913333333333333
0.8856666666666667
0.8943333333333333
0.888
0.8923333333333333
0.9043333333333333
0.8903333333333333
0.8953333333333333
0.8906666666666667
0.9023333333333333
0.9046666666666666
0.895
0.8876666666666667
0.898
0.8983333333333333
0.886
0.8883333333333333
0.8886666666666667
0.888
0.8923333333333333
0.8986666666666666
0.8876666666666667
0.903
0.8856666666666667
0.8993333333333333
0.8946666666666667
0.8853333333333333
0.8913333333333333
0.8943333333333333
0.8893333333333333
0.8986666666666666
0.8926666666666667
0.8856666666666667
0.8946666666666667
0.8876666666666667
0.889
0.892
0.9003333333333333
0.8876666666666667
0.9053333333333333
0.8876666666666667
0.8903333333333333
0.8776666666666667
0.8943333333333333
0.8966666666666666
0.8873333333333333
0.89
0.8963333333333333
0.8923333333333333
0.8966666666666666
0.886
0.8743333333333333
0.9006666666666666
0.8973333333333333
0.8866666666666667
0.8876666666666667
0.8823333333333333
0.895
0.891
0.8966666666666666
0.8956666666666667
0.8843333333333333
0.886
0.896
0.888
0.894
0.8846666666666667
0.8973333333333333
0.8966666666666666
0.8876666666666667
0.8916666666666667
0.8943333333333333
0.883
0.8893333333333333
0.8993333333333333
0.882
0.8893333333333333
0.8926666666666667
0.8996666666666666
0.8986666666666666
0.8786666666666667
0.889
0.8853333333333333
0.8866666666666667
0.8946666666666667
0.889
0.891
0.9013333333333333
0.8996666666666666
0.8916666666666667
0.8823333333333333
0.8946666666666667
0.887
0.8966666666666666
0.887
0.8913333333333333
0.9026666666666666
0.896
0.8956666666666667
0.9013333333333333
0.89
0.8826666666666667
0.8906666666666667
0.8923333333333333
0.8823333333333333
0.8876666666666667
0.895
0.884
0.8873333333333333
0.889
0.8933333333333333
0.884
0.888
0.8953333333333333
0.8916666666666667
0.8873333333333333
0.884
0.878
0.894
0.884
0.8996666666666666
0.8923333333333333
0.8976666666666666
0.89
0.8976666666666666
0.889
0.882
0.8946666666666667
0.884
0.8876666666666667
0.8973333333333333
0.8973333333333333
0.8953333333333333
0.8846666666666667
0.882
0.8853333333333333
0.892
0.8883333333333333
0.8926666666666667
0.8916666666666667
0.8933333333333333
0.893
0.894
0.8923333333333333
0.885
0.906
0.8913333333333333
0.893
0.896
0.895
0.8866666666666667
0.892
0.884
0.8986666666666666
0.885
0.8843333333333333
0.8886666666666667
0.885
0.885
0.8876666666666667
0.8893333333333333
0.8973333333333333
0.894
0.8906666666666667
0.8893333333333333
0.896
0.894
0.8876666666666667
0.8873333333333333
0.9053333333333333
0.8933333333333333
0.8856666666666667
0.898
0.8873333333333333
0.891
0.8856666666666667
0.8896666666666667
0.8823333333333333
0.883
0.8963333333333333
0.893
0.8933333333333333
0.888
0.8856666666666667
0.895
0.8913333333333333
0.8936666666666667
0.8876666666666667
0.8943333333333333
0.8866666666666667
0.8916666666666667
0.885
0.89
0.887
0.8943333333333333
0.891
0.8886666666666667
0.8783333333333333
0.8826666666666667
0.881
0.8843333333333333
0.8883333333333333
0.8866666666666667
0.889
0.8936666666666667
0.8843333333333333
0.8936666666666667
0.8863333333333333
0.8866666666666667
0.8873333333333333
0.883
0.8846666666666667
0.8873333333333333
0.8923333333333333
0.8873333333333333
0.8753333333333333
0.8916666666666667
0.891
0.8866666666666667
0.8973333333333333
0.888
0.889
0.897
0.8913333333333333
0.8996666666666666
0.8896666666666667
0.8903333333333333
0.9076666666666666
0.8816666666666667
0.8896666666666667
0.8956666666666667
0.889
0.8916666666666667
0.8756666666666667
0.8863333333333333
0.8846666666666667
0.8926666666666667
0.8906666666666667
0.887
0.8743333333333333
0.8956666666666667
0.8836666666666667
0.8883333333333333
0.8876666666666667
0.889
0.8903333333333333
0.886
0.8893333333333333
0.8883333333333333
0.8993333333333333
0.8916666666666667
0.8886666666666667
0.891
0.8906666666666667
0.8903333333333333
0.8896666666666667
0.899
0.892
0.8883333333333333
0.8843333333333333
0.8876666666666667
0.8906666666666667
0.8826666666666667
0.89
0.8896666666666667
0.8856666666666667
0.8803333333333333
0.8933333333333333
0.89
0.8796666666666667
0.883
0.8876666666666667
0.8973333333333333
0.8956666666666667
0.8866666666666667
0.8943333333333333
0.8876666666666667
0.8796666666666667
0.897
0.888
0.8973333333333333
0.8913333333333333
0.8963333333333333
0.89
0.8933333333333333
0.8793333333333333
0.8896666666666667
0.8926666666666667
0.8846666666666667
0.8896666666666667
0.8886666666666667
0.8873333333333333
0.8826666666666667
0.891
0.8886666666666667
0.896
0.8853333333333333
0.8853333333333333
0.886
0.8803333333333333
0.897
0.8716666666666667
0.888
0.889
0.89
0.8866666666666667
0.8873333333333333
0.883
0.889
0.8806666666666667
0.8853333333333333
0.8833333333333333
0.89
0.9
0.895
0.881
0.8883333333333333
0.8973333333333333
0.8913333333333333
0.89
0.8956666666666667
0.8743333333333333
0.8863333333333333
0.8746666666666667
0.887
0.8923333333333333
0.8963333333333333
0.8863333333333333
0.8886666666666667
0.8936666666666667
0.8916666666666667
0.8873333333333333
0.8976666666666666
0.8856666666666667
0.8826666666666667
0.8926666666666667
0.8886666666666667
0.8896666666666667
0.8836666666666667
0.8856666666666667
0.8883333333333333
0.8773333333333333
0.8853333333333333
0.8786666666666667
0.8946666666666667
0.8843333333333333
0.8823333333333333
0.89
0.888
0.8926666666666667
0.8913333333333333
0.8766666666666667
0.887
0.899
0.8856666666666667
0.895
0.8813333333333333
0.8906666666666667
0.8883333333333333
0.8976666666666666
0.8783333333333333
0.886
0.886
0.8956666666666667
