0.957
0.9515
0.9405
0.918
0.905
0.8785
0.883
0.8605
0.85
0.8255
0.8425
0.8265
0.8185
0.831
0.8195
0.8005
0.809
0.808
0.804
0.8085
0.7925
0.7795
0.777
0.762
0.8005
0.7965
0.778
0.784
0.789
0.777
0.781
0.772
0.78
0.7755
0.775
0.772
0.779
0.7755
0.783
0.777
0.7695
0.764
0.7855
0.7625
0.774
0.7765
0.7625
0.7725
0.793
0.763
0.7725
0.778
0.77
0.78
0.7715
0.7675
0.753
0.784
0.775
0.753
0.7555
0.7685
0.766
0.758
0.7705
0.76
0.756
0.7625
0.7835
0.7615
0.7565
0.766
0.7585
0.7705
0.753
0.7555
0.761
0.7505
0.75
0.747
0.7555
0.7555
0.741
0.739
0.7695
0.7505
0.7565
0.765
0.764
0.754
0.7595
0.7425
0.735
0.763
0.754
0.7585
0.754
0.7545
0.765
0.7555
0.753
0.7635
0.7565
0.7475
0.751
0.7465
0.723
0.751
0.7555
0.7565
0.763
0.7435
0.7565
0.752
0.7395
0.7415
0.759
0.7445
0.756
0.7585
0.772
0.762
0.7565
0.751
0.755
0.7535
0.747
0.735
0.752
0.757
0.7575
0.7475
0.7575
0.741
0.75
0.7645
0.751
0.742
0.7545
0.7465
0.737
0.7465
0.737
0.764
0.7475
0.7605
0.742
0.752
0.758
0.7575
0.763
0.749
0.7515
0.7425
0.7455
0.7425
0.746
0.76
0.748
0.754
0.7605
0.747
0.7495
0.744
0.746
0.7535
0.7535
0.747
0.763
0.756
0.7485
0.733
0.7435
0.754
0.7525
0.7335
0.7705
0.751
0.7485
0.7585
0.737
0.761
0.746
0.751
0.7525
0.7455
0.7315
0.765
0.751
0.7305
0.747
0.73
0.7495
0.7605
0.741
0.7345
0.765
0.7535
0.7485
0.758
0.739
0.7435
0.7515
0.749
0.766
0.742
0.7255
0.737
0.761
0.741
0.7565
0.744
0.7235
0.744
0.7255
0.7505
0.741
0.74
0.7585
0.7595
0.752
0.743
0.759
0.745
0.745
0.7585
0.7565
0.7605
0.755
0.7545
0.733
0.745
0.755
0.748
0.749
0.756
0.7575
0.727
0.7345
0.7445
0.762
0.762
0.7575
0.761
0.75
0.751
0.747
0.7365
0.758
0.7495
0.746
0.7365
0.753
0.745
0.7475
0.7355
0.7345
0.7485
0.747
0.755
0.743
0.735
0.757
0.7335
0.7445
0.744
0.753
0.752
0.764
0.737
0.763
0.7485
0.748
0.725
0.745
0.73
0.748
0.7295
0.745
0.741
0.7435
0.754
0.7665
0.7385
0.756
0.7385
0.755
0.75
0.731
0.738
0.742
0.755
0.7645
0.7405
0.763
0.741
0.7395
0.742
0.7375
0.7575
0.7295
0.743
0.7375
0.749
0.7495
0.746
0.7305
0.754
0.738
0.74
0.733
0.7335
0.7605
0.7585
0.743
0.749
0.7305
0.747
0.7435
0.7545
0.7405
0.7455
0.7315
0.7245
0.7605
0.7415
0.7445
0.746
0.7505
0.7445
0.7615
0.7365
0.729
0.7375
0.747
0.7425
0.7445
0.7475
0.7515
0.7585
0.733
0.737
0.749
0.759
0.7515
0.7445
0.7495
0.756
0.747
0.7455
0.739
0.7465
0.74
0.7425
0.7365
0.7405
0.747
0.7585
0.7585
0.7505
0.7395
0.7475
0.756
0.7385
0.734
0.746
0.723
0.759
0.747
0.743
0.7255
0.7505
0.739
0.7425
0.7495
0.763
0.746
0.7335
0.7465
0.7405
0.7375
0.7415
0.75
0.736
0.7315
0.7495
0.7545
0.748
0.7375
0.7335
0.737
0.754
0.7395
0.7565
0.7445
0.7425
0.7545
0.7415
0.729
0.741
0.7525
0.7315
0.75
0.759
0.7385
0.752
0.74
0.754
0.7485
0.7365
0.7495
0.745
0.7465
0.725
0.7285
0.7285
0.7465
0.741
0.759
0.7565
0.753
0.7315
0.734
0.74
0.741
0.7605
0.7415
0.743
0.7435
0.7475
0.735
0.7485
0.7425
0.7175
0.735
0.7345
0.752
0.7545
0.733
0.7435
0.725
0.725
0.749
0.7355
0.734
0.7185
0.741
0.726
0.759
0.726
0.744
0.755
0.7435
0.7405
0.732
0.74
0.7605
0.748
0.7465
0.73575
0.7405
0.7355
0.7275
0.733
0.746
0.763
0.7305
0.7345
0.737
0.7545
0.743
0.737
0.744
0.751
0.7385
0.744
0.741
0.7285
0.728
0.7555
0.7455
0.7465
0.75
0.7425
0.7375
0.7565
0.7435
0.7475
0.735
0.749
0.758
0.7465
0.7545
0.7385
0.735
0.7465
0.7365
0.7625
0.733
0.73
0.754
0.7475
0.7495
0.7395
0.753
0.7515
0.741
0.746
0.738
0.753
0.765
0.75
0.757
0.7535
0.741
0.74
0.7395
0.7345
0.7515
0.7465
0.7475
0.74
0.7365
0.7265
0.7385
0.755
0.733
0.7375
0.7415
0.748
0.733
0.741
0.758
0.742
0.743
0.7375
0.7435
0.7565
0.751
0.7395
0.753
0.7625
0.7545
0.74
0.737
0.7405
0.763
0.747
0.754
0.742
0.7545
0.751
0.74
0.733
0.7465
0.7415
0.732
0.7525
0.772
0.7365
0.7455
0.7525
0.737
0.745
0.757
0.755
0.7585
0.7345
0.746
0.7445
0.738
0.752
0.7445
0.754
0.7395
0.74
0.738
0.7525
0.728
0.7555
0.742
0.7435
0.7405
0.7415
0.7465
0.7545
0.7375
0.742
0.739
0.7485
0.728
0.747
0.761
0.7475
0.735
0.7425
0.756
0.7585
0.7415
0.7575
0.7305
0.738
0.747
0.7365
0.7575
0.74
0.73
0.75
0.742
0.739
0.7445
0.742
0.7475
0.7505
0.741
0.7425
0.7445
0.732
0.7435
0.7395
0.7535
0.75
0.7355
0.7495
0.748
0.735
0.7545
0.7365
0.7505
0.74
0.7345
0.747
0.746
0.7465
0.757
0.749
0.752
0.7385
0.7425
0.7445
0.7245
0.737
0.746
0.7255
0.7365
0.743
0.724
0.7355
0.7365
0.7355
0.7395
0.757
0.7335
0.7295
0.7385
0.7495
0.748
0.7435
0.7285
0.7475
0.7445
0.7305
0.744
0.741
0.7425
0.746
0.7315
0.742
0.7435
0.7405
0.741
0.744
0.756
0.7475
0.7475
0.746
0.7425
0.741
0.732
0.749
0.7645
0.7435
0.7605
0.7485
0.7435
0.7435
0.7635
0.735
0.743
0.743
0.744
0.7465
0.724
0.7365
0.7415
0.7415
0.7185
0.736
0.752
0.744
0.759
0.7595
0.7435
0.737
0.7405
0.744
0.7635
0.7465
0.748
0.745
0.7345
0.734
0.7305
0.7405
0.76
0.7505
0.744
0.7445
0.7205
0.726
0.7355
0.747
0.7475
0.7265
0.7335
0.729
0.7365
0.765
0.7585
0.7365
0.736
0.7575
0.746
0.7465
0.7395
0.7625
0.7535
0.74
0.738
0.7245
0.745
0.7515
0.724
0.7405
0.739
0.7385
0.7375
0.7365
0.746
0.7535
0.749
0.738
0.7385
0.736
0.742
0.729
0.758
0.743871935967984
