0.9485
0.93
0.94
0.924
0.9205
0.9015
0.9035
0.8945
0.8765
0.8565
0.861
0.856
0.843
0.8535
0.845
0.822
0.8305
0.8325
0.828
0.828
0.8135
0.8065
0.8005
0.78
0.8045
0.807
0.786
0.791
0.811
0.7975
0.8005
0.789
0.796
0.7855
0.7975
0.793
0.795
0.788
0.8015
0.7905
0.789
0.7775
0.7965
0.7805
0.784
0.789
0.7715
0.7865
0.7905
0.779
0.7795
0.7825
0.7735
0.7855
0.7785
0.776
0.764
0.784
0.783
0.7645
0.7635
0.781
0.7655
0.7695
0.7765
0.7715
0.768
0.7675
0.7915
0.7655
0.7585
0.778
0.768
0.782
0.7655
0.7635
0.7665
0.759
0.759
0.7525
0.7695
0.766
0.752
0.7495
0.777
0.7615
0.7695
0.7735
0.768
0.77
0.765
0.7505
0.7485
0.7725
0.757
0.7765
0.759
0.765
0.7705
0.7655
0.7565
0.7735
0.7615
0.762
0.758
0.759
0.7385
0.762
0.7605
0.772
0.767
0.7605
0.765
0.7575
0.75
0.749
0.764
0.7585
0.7635
0.765
0.7785
0.767
0.7575
0.7595
0.7685
0.7605
0.7565
0.747
0.764
0.757
0.765
0.7565
0.761
0.7505
0.757
0.77
0.7565
0.742
0.7565
0.757
0.7515
0.75
0.734
0.766
0.7495
0.767
0.7485
0.7585
0.7685
0.7655
0.762
0.759
0.7575
0.746
0.7465
0.752
0.7525
0.7685
0.7565
0.759
0.764
0.75
0.759
0.7505
0.748
0.761
0.7615
0.749
0.764
0.76
0.764
0.7445
0.747
0.7575
0.756
0.744
0.78
0.756
0.7515
0.7585
0.7445
0.7655
0.756
0.7655
0.7645
0.7565
0.7415
0.7705
0.754
0.7335
0.7455
0.7365
0.7535
0.7655
0.753
0.74325
0.771
0.7745
0.7585
0.7675
0.747
0.751
0.755
0.749
0.767
0.747
0.735
0.747
0.7665
0.7465
0.7595
0.747
0.7285
0.7525
0.73
0.7545
0.743
0.7465
0.77
0.7665
0.772
0.7475
0.769
0.756
0.753
0.7575
0.759
0.7665
0.752
0.7615
0.7435
0.7495
0.7705
0.751
0.761
0.762
0.75
0.7345
0.743
0.7485
0.7615
0.764
0.768
0.7695
0.753
0.7585
0.756
0.735
0.766
0.754
0.755
0.741
0.748
0.7535
0.753
0.738
0.7395
0.747
0.7485
0.753
0.75
0.742
0.7645
0.7435
0.746
0.7525
0.756
0.757
0.767
0.747
0.766
0.75
0.758
0.736
0.75
0.73
0.757
0.7405
0.751
0.7435
0.7605
0.763
0.77
0.74
0.756
0.749
0.757
0.744
0.7375
0.7445
0.751
0.761
0.7685
0.735
0.7625
0.7555
0.7395
0.746
0.732
0.7635
0.7365
0.7505
0.745
0.766
0.7555
0.7435
0.734
0.7535
0.746
0.7375
0.737
0.7405
0.757
0.7685
0.745
0.757
0.7365
0.74
0.745
0.7615
0.743
0.743
0.7355
0.737
0.7675
0.744
0.7535
0.755
0.754
0.7555
0.7625
0.7485
0.7305
0.7395
0.7475
0.7505
0.7505
0.737
0.7485
0.7695
0.736
0.74
0.744
0.757
0.758
0.7555
0.7505
0.7485
0.7475
0.7535
0.7415
0.752
0.746
0.7475
0.7395
0.7495
0.7535
0.7595
0.7555
0.748
0.745
0.7575
0.756
0.7495
0.733
0.7555
0.7325
0.7685
0.7445
0.7395
0.733
0.7585
0.7455
0.751
0.746
0.757
0.753
0.742
0.741
0.749
0.7425
0.748
0.7515
0.7465
0.7365
0.752
0.7545
0.751
0.735
0.7435
0.745
0.7505
0.744
0.765
0.747
0.7495
0.756
0.7435
0.735
0.743
0.7525
0.7335
0.755
0.7605
0.7435
0.7585
0.7475
0.7555
0.744
0.752
0.746
0.7465
0.7445
0.729
0.736
0.7405
0.7535
0.7485
0.7705
0.7625
0.7535
0.74
0.744
0.7415
0.7455
0.753
0.748
0.7505
0.7525
0.7485
0.747
0.753
0.7535
0.726
0.7305
0.7475
0.7545
0.7625
0.738
0.7495
0.733
0.731
0.7495
0.742
0.7425
0.728
0.7455
0.739
0.761
0.7335
0.749
0.767
0.752
0.749
0.7335
0.742
0.7655
0.756
0.7515
0.74025
0.749
0.75
0.7365
0.7515
0.7445
0.7725
0.733
0.7355
0.7375
0.7585
0.746
0.7365
0.753
0.7575
0.746
0.753
0.741
0.739
0.731
0.7575
0.7575
0.7565
0.76
0.747
0.7455
0.751
0.7435
0.75
0.7345
0.7475
0.763
0.743
0.754
0.757
0.7395
0.75
0.7435
0.766
0.7395
0.7355
0.761
0.7575
0.7505
0.75
0.766
0.7485
0.7485
0.749
0.744
0.7555
0.7625
0.7535
0.758
0.7585
0.74
0.747
0.741
0.741
0.7485
0.7465
0.751
0.7465
0.743
0.7345
0.7355
0.7575
0.744
0.739
0.7475
0.752
0.743
0.745
0.771
0.7515
0.7385
0.7435
0.749
0.7555
0.7625
0.7345
0.752
0.7625
0.7555
0.7525
0.742
0.748
0.7645
0.7505
0.758
0.742
0.7555
0.757
0.755
0.7395
0.7395
0.746
0.7335
0.7635
0.774
0.7425
0.752
0.7525
0.743
0.7435
0.7585
0.7565
0.765
0.7455
0.7455
0.751
0.741
0.7535
0.76
0.752
0.7365
0.745
0.7465
0.754
0.731
0.7565
0.7465
0.7505
0.744
0.7465
0.7445
0.762
0.749
0.7485
0.741
0.748
0.7345
0.7525
0.7555
0.749
0.7435
0.7385
0.763
0.7605
0.7475
0.7575
0.7405
0.7365
0.7485
0.736
0.757
0.746
0.7445
0.751
0.7425
0.742
0.75
0.756
0.7445
0.764
0.747
0.7395
0.7495
0.729
0.752
0.7405
0.755
0.7465
0.742
0.748
0.75
0.745
0.7585
0.741
0.743
0.7525
0.7345
0.7565
0.751
0.7555
0.766
0.751
0.7545
0.75
0.7405
0.7585
0.7385
0.744
0.7555
0.732
0.7475
0.747
0.74
0.7375
0.7325
0.743
0.7455
0.7585
0.7365
0.7355
0.744
0.757
0.7505
0.7415
0.7335
0.7545
0.7445
0.738
0.745
0.747
0.745
0.747
0.739
0.7465
0.743
0.74
0.7475
0.745
0.7535
0.7515
0.751
0.746
0.7475
0.747
0.733
0.7505
0.7645
0.752
0.754
0.755
0.742
0.7455
0.765
0.7445
0.756
0.743
0.7535
0.7455
0.7385
0.741
0.7325
0.7515
0.7375
0.741
0.7615
0.746
0.774
0.765
0.744
0.7405
0.744
0.753
0.77
0.7455
0.7435
0.7495
0.74
0.738
0.7395
0.7445
0.755
0.7525
0.74
0.754
0.7285
0.7325
0.7335
0.7505
0.756
0.7355
0.74
0.7385
0.7395
0.765
0.764
0.735
0.7415
0.7595
0.753
0.752
0.744
0.7585
0.7575
0.748
0.7435
0.7325
0.748
0.7545
0.7365
0.7505
0.752
0.7525
0.74
0.7415
0.7475
0.7585
0.7395
0.749
0.7465
0.741
0.748
0.7245
0.7675
0.7383691845922962
