0.831
0.879
0.885
0.873
0.8855
0.8985
0.893
0.892
0.8845
0.873
0.8875
0.898
0.9005
0.911
0.916
0.8915
0.924
0.899
0.9135
0.9065
0.879
0.8945
0.8995
0.899
0.912
0.9
0.906
0.9105
0.9095
0.8925
0.9015
0.899
0.9055
0.901
0.906
0.909
0.913
0.907
0.9
0.9035
0.897
0.896
0.906
0.902
0.922
0.904
0.911
0.9095
0.9175
0.9075
0.9215
0.899
0.9085
0.914
0.9115
0.8935
0.897
0.9175
0.905
0.909
0.9045
0.9015
0.905
0.911
0.8995
0.9105
0.9055
0.9085
0.91
0.898
0.9135
0.915
0.905
0.878
0.9075
0.901
0.9005
0.891
0.9015
0.9065
0.9005
0.903
0.9
0.897
0.903
0.902
0.9055
0.898
0.914
0.903
0.909
0.903
0.8925
0.9095
0.9005
0.9045
0.9
0.9075
0.8985
0.886
0.898
0.906
0.903
0.8945
0.894
0.894
0.9005
0.9095
0.894
0.8875
0.906
0.9035
0.8985
0.91
0.9055
0.887
0.911
0.8965
0.882
0.897
0.9
0.91
0.8945
0.896
0.903
0.885
0.8975
0.8785
0.888
0.8895
0.8735
0.9025
0.903
0.893
0.8935
0.8985
0.8935
0.9065
0.8995
0.884
0.9035
0.9
0.8905
0.906
0.881
0.9135
0.906
0.894
0.898
0.89
0.894
0.8935
0.917
0.9035
0.8895
0.881
0.913
0.902
0.9
0.895
0.9005
0.9075
0.896
0.8885
0.905
0.907
0.917
0.892
0.8875
0.9085
0.9045
0.895
0.8895
0.896
0.894
0.883
0.906
0.899
0.8915
0.9095
0.881
0.894
0.894
0.8965
0.895
0.9095
0.903
0.91
0.9
0.9
0.898
0.899
0.894
0.8785
0.8925
0.874
0.913
0.8965
0.8995
0.9105
0.883
0.906
0.8905
0.903
0.9025
0.907
0.896
0.8925
0.9085
0.8855
0.9045
0.8995
0.894
0.9015
0.877
0.894
0.9025
0.891
0.8745
0.8935
0.878
0.8895
0.8945
0.8855
0.902
0.8965
0.902
0.895
0.8925
0.904
0.8845
0.9015
0.897
0.89
0.9005
0.8905
0.9075
0.8735
0.903
0.886
0.9035
0.8965
0.9025
0.891
0.8995
0.902
0.905
0.8815
0.9
0.9045
0.8865
0.8825
0.9
0.883
0.882
0.8995
0.8875
0.901
0.9065
0.8905
0.895
0.892
0.902
0.8845
0.883
0.9045
0.8935
0.888
0.907
0.8985
0.9065
0.8835
0.8995
0.897
0.8965
0.891
0.8985
0.864
0.9025
0.9025
0.888
0.8965
0.896
0.8875
0.8945
0.889
0.89
0.8915
0.892
0.8925
0.9075
0.8875
0.91
0.8975
0.891
0.9015
0.8895
0.888
0.881
0.89
0.8735
0.9035
0.8975
0.8945
0.8785
0.8835
0.8825
0.884
0.891
0.893
0.8915
0.8815
0.9035
0.9045
0.898
0.8975
0.8925
0.8965
0.9015
0.8855
0.889
0.898
0.886
0.905
0.9025
0.8685
0.899
0.8875
0.8985
0.902
0.909
0.9015
0.8995
0.8965
0.892
0.8935
0.885
0.8905
0.8815
0.901
0.8865
0.903
0.904
0.8955
0.8965
0.906
0.8975
0.903
0.89
0.902
0.8845
0.898
0.909
0.909
0.889
0.8955
0.8915
0.896
0.8995
0.898
0.885
0.8995
0.889
0.8975
0.8895
0.8905
0.8865
0.8975
0.8885
0.8995
0.8895
0.8905
0.894
0.885
0.896
0.9035
0.8885
0.9025
0.8815
0.8955
0.8975
0.8985
0.8915
0.901
0.8975
0.902
0.896
0.8935
0.902
0.9025
0.903
0.8985
0.9035
0.907
0.896
0.9015
0.884
0.909
0.896
0.8955
0.891
0.887
0.896
0.8925
0.8765
0.9075
0.889
0.899
0.8945
0.893
0.886
0.894
0.8995
0.873
0.887
0.89
0.896
0.8915
0.892
0.8885
0.904
0.892
0.905
0.8935
0.899
0.888
0.898
0.8985
0.8865
0.888
0.893
0.896
0.898
0.905
0.8835
0.9025
0.8965
0.902
0.887
0.8905
0.903
0.8855
0.9005
0.8935
0.8925
0.903
0.88
0.8965
0.893
0.88
0.9095
0.8875
0.895
0.8875
0.903
0.89
0.9155
0.8995
0.8915
0.875
0.8725
0.894
0.9035
0.895
0.898
0.9125
0.8995
0.8985
0.901
0.899
0.901
0.8785
0.8945
0.91
0.8865
0.886
0.8835
0.8905
0.8845
0.896
0.8965
0.9045
0.901
0.9135
0.901
0.894
0.8955
0.8915
0.8965
0.9165
0.8945
0.8835
0.8845
0.905
0.885
0.899
0.884
0.9015
0.892
0.8795
0.8955
0.8845
0.901
0.899
0.8985
0.8925
0.887
0.896
0.887
0.888
0.9095
0.888
0.8855
0.8855
0.8985
0.8835
0.8845
0.8925
0.8875
0.906
0.8865
0.896
0.9
0.8695
0.8815
0.8995
0.888
0.886
0.8855
0.8985
0.892
0.8955
0.898
0.892
0.8845
0.894
0.8865
0.9015
0.898
0.885
0.896
0.897
0.9055
0.905
0.901
0.896
0.9
0.894
0.9035
0.883
0.896
0.903
0.904
0.8675
0.8975
0.8965
0.901
0.8965
0.8915
0.8925
0.8985
0.88
0.9005
0.893
0.898
0.899
0.907
0.904
0.891
0.895
0.8835
0.8945
0.8985
0.9055
0.8975
0.891
0.892
0.879
0.8745
0.9
0.881
0.8895
0.8775
0.908
0.9035
0.9105
0.897
0.8795
0.892
0.9105
0.8845
0.89
0.8925
0.879
0.902
0.893
0.903
0.893
0.8915
0.8945
0.8915
0.886
0.891
0.8785
0.8975
0.9
0.887
0.891
0.8995
0.8955
0.9065
0.9125
0.9025
0.89
0.8855
0.8935
0.8915
0.8795
0.8865
0.896
0.8785
0.8985
0.8915
0.9005
0.9045
0.8945
0.88
0.8685
0.9015
0.894
0.895
0.8805
0.899
0.8825
0.9005
0.903
0.899
0.896
0.901
0.8785
0.8775
0.8935
0.903
0.891
0.8895
0.893
0.891
0.898
0.882
0.9
0.907
0.8985
0.8915
0.8625
0.8975
0.8925
0.8885
0.8985
0.9025
0.895
0.878
0.8835
0.8945
0.891
0.9035
0.8955
0.901
0.908
0.903
0.896
0.8895
0.9005
0.8835
0.891
0.8725
0.8955
0.89
0.8985
0.892
0.899
0.912
0.8955
0.9
0.897
0.898
0.894
0.8915
0.888
0.887
0.8915
0.89
0.901
0.8955
0.8805
0.88
0.892
0.8855
0.9015
0.8995
0.9005
0.8935
0.8935
0.895
0.9005
0.891
0.9025
0.9115
0.895
0.894
0.9015
0.9
0.8885
0.8955
0.8785
0.896
0.892
0.892
0.906
0.8905
0.893
0.8895
0.904
0.898
0.876
0.894
0.8915
0.8975
0.8955
0.8935
0.899
0.889
0.893
0.888
0.9045
0.8775
0.91
0.9025
0.8935
0.875
0.885
0.8875
0.894
0.8915
0.903
0.9105
0.8875
0.887
0.889
0.886
0.8965
0.8935
0.8685
0.872
0.893
0.8895
0.8815
0.902
0.896448224112056
