0.9795
0.966
0.9725
0.9545
0.9535
0.948
0.945
0.9285
0.9275
0.9185
0.9215
0.913
0.908
0.914
0.913
0.898
0.889
0.908
0.907
0.9015
0.8915
0.88
0.8805
0.871
0.8845
0.8745
0.8785
0.878
0.8785
0.865
0.8645
0.873
0.859
0.847
0.849
0.862
0.866
0.8555
0.8495
0.8565
0.861
0.8485
0.855
0.8325
0.854
0.8595
0.8265
0.8515
0.8505
0.847
0.8435
0.8445
0.838
0.839
0.8405
0.8395
0.837
0.847
0.84
0.8225
0.825
0.8405
0.8415
0.837
0.8285
0.832
0.811
0.8205
0.833
0.816
0.831
0.83
0.813
0.835
0.8185
0.8285
0.8305
0.824
0.8075
0.819
0.814
0.8215
0.7935
0.802
0.83
0.803
0.82
0.826
0.805
0.8135
0.824
0.799
0.795
0.8205
0.807
0.8115
0.8025
0.818
0.822
0.811
0.8095
0.8125
0.8015
0.8265
0.814
0.813
0.794
0.806
0.8085
0.7985
0.804
0.8025
0.802
0.8095
0.788
0.8045
0.817
0.8065
0.7975
0.804
0.819
0.8125
0.804
0.7975
0.816
0.8005
0.795
0.8065
0.801
0.809
0.794
0.8025
0.804
0.777
0.7955
0.808
0.798
0.7965
0.7965
0.791
0.78
0.7945
0.7795
0.811
0.784
0.79
0.7975
0.798
0.805
0.8105
0.782
0.797
0.7865
0.803
0.7775
0.779
0.8035
0.7885
0.7975
0.788
0.791
0.795
0.8015
0.787
0.779
0.8
0.8025
0.784
0.8005
0.7915
0.7865
0.773
0.795
0.79
0.7845
0.781
0.8095
0.799
0.79
0.784
0.7865
0.797
0.784
0.794
0.791
0.793
0.7775
0.7945
0.7835
0.7855
0.7955
0.7645
0.7865
0.789
0.7765
0.78425
0.785
0.7855
0.788
0.788
0.777
0.7865
0.7825
0.784
0.78
0.788
0.7615
0.773
0.791
0.7855
0.778
0.7875
0.771
0.78
0.7705
0.791
0.7645
0.7715
0.7855
0.789
0.7955
0.777
0.7915
0.7805
0.7755
0.777
0.7895
0.788
0.7765
0.7865
0.7705
0.778
0.7945
0.7825
0.787
0.802
0.788
0.7645
0.773
0.7845
0.7995
0.7845
0.7875
0.795
0.776
0.7925
0.789
0.7675
0.801
0.787
0.7755
0.7795
0.7825
0.781
0.7905
0.7715
0.7685
0.779
0.786
0.7765
0.7815
0.765
0.779
0.7855
0.7725
0.777
0.773
0.783
0.798
0.767
0.7875
0.771
0.7855
0.746
0.781
0.779
0.772
0.764
0.786
0.7745
0.78
0.783
0.801
0.785
0.7895
0.7755
0.784
0.783
0.756
0.7625
0.7765
0.7875
0.778
0.772
0.7835
0.774
0.769
0.7655
0.777
0.783
0.758
0.784
0.7745
0.773
0.7755
0.7785
0.762
0.775
0.7795
0.7825
0.7725
0.7595
0.789
0.781
0.774
0.7915
0.766
0.7835
0.7755
0.781
0.761
0.7675
0.7615
0.773
0.7875
0.768
0.779
0.7665
0.7825
0.7825
0.7835
0.783
0.7645
0.7555
0.7675
0.784
0.769
0.7595
0.78
0.7845
0.7545
0.775
0.777
0.765
0.7825
0.773
0.7835
0.7805
0.773
0.778
0.7695
0.7845
0.767
0.7795
0.7645
0.7795
0.772
0.7915
0.7795
0.772
0.7865
0.7785
0.777
0.7795
0.757
0.7755
0.7585
0.7895
0.7705
0.7835
0.748
0.779
0.7785
0.755
0.7755
0.77
0.7765
0.7755
0.7605
0.77
0.7555
0.778
0.78
0.766
0.764
0.776
0.777
0.767
0.7555
0.778
0.768
0.776
0.7575
0.779
0.7725
0.7795
0.7835
0.7695
0.753
0.7755
0.7635
0.7575
0.779
0.783
0.758
0.77
0.76
0.784
0.7635
0.779
0.781
0.777
0.772
0.755
0.7455
0.7575
0.7785
0.7745
0.787
0.78
0.788
0.7775
0.763
0.7555
0.7705
0.7735
0.7735
0.773
0.761
0.775
0.7685
0.774
0.7615
0.7465
0.7675
0.764
0.763
0.777
0.762
0.7765
0.7545
0.7605
0.7875
0.783
0.762
0.754
0.765
0.7675
0.7815
0.7615
0.7745
0.7675
0.7775
0.765
0.7725
0.7655
0.778
0.7755
0.7715
0.7625
0.7755
0.77
0.768
0.7695
0.762
0.788
0.762
0.7625
0.7675
0.7715
0.771
0.7605
0.766
0.77
0.7625
0.7655
0.765
0.7655
0.746
0.781
0.78
0.766
0.778
0.77
0.762
0.7795
0.7595
0.769
0.7505
0.7555
0.7785
0.776
0.7685
0.7715
0.756
0.7715
0.75
0.7775
0.7565
0.766
0.7755
0.7595
0.758
0.777
0.769
0.772
0.7745
0.7745
0.7675
0.7755
0.7635
0.7785
0.77
0.7765
0.7675
0.7635
0.7695
0.771
0.772
0.77
0.7655
0.7575
0.76
0.758
0.7635
0.7735
0.762
0.763
0.7625
0.7755
0.7605
0.771
0.7755
0.774
0.7665
0.758
0.7765
0.7545
0.7755
0.771
0.774
0.775
0.781
0.775
0.764
0.764
0.7675
0.7765
0.7795
0.743
0.7745
0.7705
0.7715
0.7525
0.775
0.754
0.759
0.7655
0.764
0.765
0.7675
0.7695
0.7475
0.7755
0.7725
0.773
0.775
0.7695
0.772
0.7525
0.752
0.773
0.7735
0.767
0.7645
0.7565
0.7665
0.7705
0.7515
0.7755
0.762
0.7605
0.778
0.7645
0.763
0.771
0.7655
0.7635
0.771
0.775
0.7645
0.7685
0.784
0.77
0.764
0.764
0.776
0.765
0.766
0.7695
0.748
0.7615
0.771
0.7575
0.7665
0.761
0.7545
0.7625
0.7645
0.7805
0.7645
0.7655
0.7755
0.7665
0.759
0.765
0.768
0.7615
0.7685
0.7605
0.777
0.7585
0.7625
0.764
0.763
0.7755
0.77
0.752
0.759
0.782
0.7685
0.769
0.7755
0.7795
0.781
0.768
0.767
0.7595
0.766
0.7615
0.7525
0.7715
0.756
0.7405
0.754
0.766
0.7585
0.7735
0.773
0.7535
0.7635
0.7795
0.768
0.748
0.7695
0.7685
0.761
0.772
0.772
0.7685
0.7675
0.755
0.7615
0.762
0.768
0.766
0.7585
0.7715
0.771
0.765
0.7735
0.758
0.765
0.7625
0.763
0.7675
0.738
0.771
0.754
0.781
0.78
0.773
0.7875
0.778
0.7615
0.764
0.763
0.7705
0.7595
0.747
0.7655
0.765
0.763
0.7515
0.7675
0.76
0.745
0.7615
0.7655
0.7685
0.768
0.767
0.753
0.769
0.7615
0.771
0.7785
0.758
0.765
0.7575
0.747
0.76
0.7635
0.76
0.7735
0.7655
0.7505
0.771
0.7575
0.7475
0.767
0.767
0.7735
0.7465
0.7595
0.7475
0.751
0.782
0.765
0.761
0.7665
0.7805
0.766
0.772
0.7695
0.782
0.777
0.766
0.75
0.7445
0.764
0.7685
0.764
0.769
0.767
0.762
0.754
0.7805
0.75
0.7555
0.7685
0.744
0.786
0.761
0.761
0.753
0.7795
0.7528764382191095
