0.984
0.9705
0.9775
0.9625
0.9565
0.9555
0.9525
0.9385
0.9375
0.9275
0.9295
0.9225
0.9155
0.9225
0.922
0.9085
0.902
0.9165
0.9115
0.9135
0.9
0.891
0.8865
0.881
0.892
0.8795
0.888
0.8885
0.887
0.8705
0.8705
0.8775
0.8645
0.852
0.8575
0.867
0.872
0.8615
0.8555
0.8605
0.8645
0.8555
0.866
0.833
0.859
0.8615
0.829
0.856
0.854
0.848
0.846
0.849
0.842
0.842
0.8405
0.8415
0.843
0.85
0.845
0.829
0.8325
0.842
0.8445
0.841
0.8315
0.8325
0.815
0.8235
0.837
0.819
0.8345
0.831
0.815
0.8365
0.821
0.83
0.8335
0.826
0.8115
0.8245
0.819
0.8255
0.796
0.8045
0.8325
0.8045
0.8205
0.829
0.8075
0.8145
0.8265
0.803
0.7965
0.8215
0.8075
0.8135
0.8075
0.8195
0.821
0.8115
0.811
0.8145
0.802
0.826
0.8165
0.815
0.793
0.8095
0.809
0.802
0.805
0.8055
0.804
0.812
0.79
0.805
0.818
0.8075
0.7975
0.8055
0.8205
0.814
0.805
0.7995
0.8175
0.8005
0.797
0.8065
0.802
0.8075
0.794
0.805
0.807
0.7775
0.7975
0.8085
0.8005
0.7965
0.797
0.792
0.7835
0.7945
0.781
0.8135
0.784
0.7925
0.797
0.7985
0.805
0.8115
0.782
0.795
0.7875
0.802
0.778
0.779
0.802
0.788
0.7975
0.789
0.7935
0.796
0.8015
0.7865
0.778
0.8005
0.8035
0.7845
0.7985
0.791
0.7865
0.7745
0.795
0.7895
0.7845
0.7805
0.8095
0.8
0.788
0.7835
0.789
0.7965
0.785
0.793
0.793
0.7955
0.779
0.796
0.7845
0.785
0.7975
0.7665
0.786
0.7905
0.7765
0.78625
0.7845
0.786
0.788
0.7875
0.7785
0.786
0.7825
0.784
0.781
0.7895
0.7615
0.7735
0.7905
0.7855
0.778
0.788
0.772
0.7805
0.7705
0.791
0.764
0.7715
0.784
0.7905
0.795
0.777
0.7925
0.7805
0.776
0.778
0.79
0.7885
0.776
0.7865
0.7705
0.7785
0.7925
0.785
0.7865
0.8025
0.788
0.7665
0.7735
0.784
0.798
0.785
0.788
0.795
0.776
0.7915
0.7895
0.7665
0.801
0.787
0.7755
0.78
0.7825
0.782
0.791
0.7705
0.7685
0.78
0.7855
0.7765
0.78
0.768
0.7785
0.7855
0.773
0.7765
0.772
0.7815
0.7985
0.768
0.788
0.771
0.786
0.745
0.781
0.777
0.7715
0.764
0.7865
0.774
0.7765
0.7845
0.802
0.7845
0.789
0.775
0.784
0.7845
0.755
0.762
0.776
0.788
0.781
0.774
0.7835
0.7725
0.77
0.767
0.777
0.7825
0.759
0.7845
0.775
0.7735
0.7765
0.778
0.762
0.774
0.7785
0.783
0.772
0.759
0.789
0.781
0.775
0.7915
0.7665
0.7845
0.776
0.7825
0.7625
0.767
0.762
0.7715
0.7885
0.769
0.7805
0.767
0.782
0.7825
0.785
0.7835
0.7645
0.755
0.768
0.785
0.769
0.7585
0.78
0.7845
0.755
0.7745
0.778
0.766
0.781
0.7735
0.7835
0.7805
0.773
0.7785
0.769
0.784
0.7675
0.7795
0.7645
0.779
0.774
0.7905
0.7795
0.7715
0.7875
0.779
0.7755
0.78
0.7565
0.7745
0.758
0.791
0.771
0.782
0.7485
0.778
0.778
0.756
0.775
0.7705
0.777
0.775
0.7605
0.7705
0.7555
0.778
0.7785
0.7645
0.7645
0.7755
0.777
0.767
0.756
0.778
0.7685
0.777
0.758
0.7785
0.7715
0.781
0.7835
0.7705
0.7525
0.776
0.7625
0.7585
0.7795
0.7825
0.758
0.77
0.759
0.7825
0.764
0.7795
0.7805
0.7775
0.773
0.7555
0.7465
0.76
0.7775
0.774
0.7875
0.7805
0.788
0.778
0.763
0.755
0.7705
0.7725
0.773
0.773
0.761
0.7755
0.7705
0.774
0.7635
0.7465
0.768
0.765
0.763
0.7765
0.762
0.778
0.7535
0.7605
0.7875
0.7825
0.7625
0.755
0.766
0.768
0.7825
0.762
0.775
0.7685
0.7775
0.7665
0.7725
0.765
0.777
0.7765
0.773
0.76225
0.7765
0.772
0.7685
0.7695
0.762
0.788
0.7615
0.7635
0.7675
0.7715
0.7715
0.76
0.7665
0.77
0.7635
0.7655
0.766
0.766
0.746
0.7815
0.781
0.766
0.779
0.7695
0.7615
0.78
0.7605
0.7675
0.7505
0.756
0.7765
0.776
0.7685
0.771
0.7565
0.771
0.75
0.7775
0.756
0.766
0.7755
0.759
0.758
0.776
0.769
0.772
0.775
0.7745
0.7675
0.777
0.7635
0.778
0.7685
0.7775
0.7675
0.763
0.7695
0.77
0.7725
0.7705
0.765
0.7575
0.7595
0.758
0.764
0.775
0.762
0.763
0.762
0.775
0.7605
0.7715
0.7755
0.7725
0.7665
0.758
0.777
0.7545
0.7765
0.771
0.774
0.7755
0.7805
0.775
0.763
0.764
0.767
0.7765
0.78
0.7425
0.775
0.771
0.771
0.7525
0.7745
0.753
0.759
0.7655
0.7625
0.7635
0.767
0.769
0.749
0.7755
0.7715
0.7755
0.775
0.7685
0.772
0.7535
0.752
0.773
0.7735
0.7675
0.765
0.7565
0.7675
0.77
0.752
0.775
0.761
0.7605
0.7785
0.765
0.764
0.771
0.7655
0.7635
0.77
0.775
0.7645
0.768
0.7835
0.77
0.764
0.7645
0.7765
0.7645
0.7655
0.7695
0.7485
0.7615
0.772
0.758
0.7655
0.761
0.755
0.762
0.7635
0.78
0.764
0.7665
0.7755
0.766
0.7595
0.763
0.768
0.762
0.768
0.76
0.777
0.7575
0.763
0.7645
0.764
0.775
0.77
0.752
0.76
0.7815
0.7685
0.769
0.776
0.7785
0.78
0.7695
0.7675
0.7585
0.765
0.7615
0.752
0.771
0.7555
0.7405
0.754
0.766
0.7585
0.7735
0.7735
0.753
0.7625
0.7795
0.768
0.7485
0.7695
0.7675
0.7615
0.7715
0.7715
0.7685
0.767
0.754
0.761
0.762
0.768
0.7655
0.759
0.772
0.771
0.765
0.7735
0.757
0.7645
0.7625
0.7635
0.767
0.739
0.771
0.7535
0.783
0.779
0.772
0.788
0.7785
0.761
0.7635
0.7635
0.771
0.759
0.748
0.7655
0.765
0.7635
0.7515
0.7665
0.76
0.7475
0.7615
0.765
0.7685
0.768
0.767
0.7525
0.7705
0.761
0.7705
0.778
0.7585
0.7645
0.7575
0.747
0.7605
0.7635
0.76
0.774
0.766
0.7505
0.7705
0.7575
0.747
0.7665
0.7675
0.773
0.7455
0.759
0.7485
0.7505
0.7825
0.7655
0.7605
0.766
0.7805
0.7665
0.772
0.7685
0.7825
0.7765
0.766
0.7495
0.7445
0.7635
0.7685
0.7635
0.7695
0.767
0.761
0.7535
0.781
0.7505
0.755
0.769
0.7445
0.7865
0.76
0.7615
0.7525
0.7795
0.753376688344172
