0.9715
0.954
0.964
0.94
0.9375
0.9345
0.933
0.9135
0.9065
0.906
0.912
0.9015
0.896
0.8995
0.9015
0.884
0.8815
0.898
0.898
0.8885
0.878
0.866
0.8685
0.8585
0.8725
0.863
0.872
0.867
0.87
0.8595
0.858
0.86
0.854
0.8445
0.8415
0.856
0.8575
0.849
0.844
0.8495
0.8545
0.8435
0.8465
0.8295
0.8475
0.854
0.822
0.843
0.848
0.8405
0.836
0.839
0.8325
0.8335
0.8355
0.8365
0.835
0.8455
0.835
0.819
0.8215
0.836
0.839
0.8305
0.8245
0.825
0.808
0.8165
0.8305
0.8115
0.8295
0.825
0.8105
0.832
0.817
0.828
0.8265
0.8215
0.807
0.814
0.812
0.815
0.789
0.8
0.8275
0.798
0.818
0.8235
0.8045
0.811
0.819
0.798
0.7915
0.8145
0.805
0.8095
0.8005
0.813
0.82
0.8095
0.8085
0.8115
0.801
0.8235
0.811
0.811
0.7885
0.8035
0.8075
0.7965
0.8045
0.799
0.8
0.8085
0.7885
0.8025
0.8175
0.805
0.7945
0.8045
0.819
0.8085
0.801
0.796
0.819
0.799
0.793
0.8045
0.7985
0.8065
0.7955
0.8005
0.806
0.7755
0.7935
0.809
0.798
0.795
0.7935
0.7925
0.778
0.7945
0.778
0.811
0.781
0.7895
0.7955
0.7955
0.804
0.8095
0.7815
0.796
0.7855
0.8015
0.7775
0.7785
0.8005
0.7865
0.7935
0.7885
0.79
0.7965
0.8005
0.784
0.776
0.7995
0.802
0.7835
0.7995
0.7885
0.787
0.771
0.796
0.7895
0.786
0.7815
0.8105
0.7965
0.7895
0.7855
0.785
0.799
0.785
0.7905
0.7945
0.7925
0.7765
0.795
0.7815
0.786
0.7945
0.764
0.7865
0.7875
0.7765
0.78375
0.784
0.785
0.79
0.7895
0.7755
0.7875
0.7825
0.7845
0.7805
0.7875
0.762
0.774
0.7905
0.785
0.7755
0.788
0.7685
0.7795
0.7735
0.791
0.7635
0.7705
0.7875
0.787
0.7955
0.776
0.7895
0.783
0.7755
0.78
0.79
0.789
0.7765
0.7865
0.7685
0.7795
0.794
0.781
0.786
0.799
0.7855
0.765
0.7715
0.7845
0.799
0.784
0.787
0.795
0.776
0.7925
0.788
0.768
0.799
0.786
0.7765
0.779
0.7835
0.7795
0.791
0.7715
0.7685
0.779
0.7885
0.7745
0.7795
0.7655
0.7795
0.7845
0.771
0.776
0.7745
0.7855
0.799
0.767
0.787
0.772
0.7855
0.744
0.78
0.7785
0.7705
0.7645
0.785
0.7755
0.782
0.7835
0.8
0.7855
0.7865
0.7765
0.7835
0.781
0.7565
0.762
0.776
0.788
0.7775
0.7715
0.785
0.773
0.7685
0.764
0.7755
0.7835
0.7575
0.7825
0.7755
0.7735
0.7765
0.777
0.7625
0.775
0.7785
0.781
0.7715
0.7595
0.789
0.7805
0.773
0.7905
0.7645
0.781
0.775
0.7805
0.7635
0.767
0.7615
0.772
0.788
0.769
0.7785
0.766
0.7815
0.7815
0.7835
0.7825
0.7645
0.757
0.7695
0.783
0.7725
0.7605
0.782
0.784
0.7555
0.7765
0.7765
0.7655
0.7825
0.774
0.784
0.7805
0.7745
0.779
0.77
0.784
0.766
0.779
0.765
0.7795
0.772
0.7915
0.78
0.7715
0.7885
0.7795
0.777
0.779
0.7555
0.775
0.7595
0.7865
0.771
0.7835
0.75
0.78
0.7785
0.7545
0.7755
0.771
0.7765
0.777
0.7605
0.7705
0.7565
0.7785
0.781
0.765
0.764
0.774
0.7785
0.767
0.757
0.778
0.769
0.777
0.7595
0.7795
0.7735
0.78
0.784
0.7715
0.753
0.777
0.7645
0.756
0.7785
0.7825
0.7575
0.768
0.761
0.783
0.7635
0.7785
0.781
0.777
0.7715
0.755
0.7465
0.7575
0.7775
0.776
0.7865
0.78
0.7875
0.779
0.765
0.7565
0.7695
0.773
0.7745
0.7715
0.762
0.7745
0.7685
0.7725
0.7615
0.7475
0.769
0.7635
0.7645
0.778
0.762
0.7765
0.7525
0.761
0.7875
0.783
0.7615
0.7515
0.7645
0.7675
0.7795
0.76
0.7755
0.7685
0.7785
0.7645
0.773
0.7655
0.779
0.775
0.7725
0.7625
0.776
0.77
0.7675
0.7695
0.7615
0.7865
0.7615
0.764
0.769
0.771
0.77
0.7605
0.765
0.768
0.7625
0.7655
0.7655
0.765
0.7475
0.78
0.779
0.767
0.777
0.769
0.7635
0.7785
0.7585
0.768
0.7515
0.7565
0.779
0.7765
0.7685
0.7715
0.7545
0.772
0.75
0.778
0.757
0.7665
0.776
0.7605
0.7575
0.776
0.7685
0.772
0.7745
0.775
0.767
0.7745
0.765
0.779
0.7695
0.777
0.7685
0.7635
0.769
0.771
0.7725
0.768
0.7665
0.7565
0.761
0.7585
0.764
0.773
0.763
0.7635
0.762
0.776
0.7615
0.77
0.7755
0.7755
0.7665
0.759
0.7765
0.7545
0.7755
0.77
0.774
0.776
0.7815
0.7755
0.7635
0.7645
0.767
0.7775
0.7795
0.7445
0.7745
0.7705
0.7715
0.7505
0.7765
0.7545
0.7595
0.7665
0.764
0.7645
0.768
0.769
0.748
0.775
0.7715
0.774
0.7735
0.769
0.772
0.7525
0.7515
0.7725
0.774
0.7675
0.764
0.7565
0.767
0.77
0.7515
0.7755
0.762
0.76
0.778
0.766
0.763
0.771
0.7655
0.763
0.7725
0.7745
0.764
0.769
0.784
0.771
0.7645
0.763
0.777
0.765
0.7665
0.77
0.75
0.762
0.77
0.756
0.767
0.7605
0.7545
0.763
0.765
0.7795
0.7635
0.7655
0.775
0.7665
0.7585
0.765
0.7675
0.7605
0.769
0.761
0.7765
0.759
0.762
0.764
0.763
0.775
0.7695
0.7515
0.7605
0.7815
0.7675
0.7695
0.7755
0.781
0.7815
0.767
0.7665
0.7595
0.7655
0.7615
0.7535
0.7715
0.7565
0.74
0.753
0.766
0.758
0.7735
0.774
0.753
0.7635
0.7785
0.768
0.7485
0.7695
0.77
0.761
0.7725
0.771
0.769
0.7675
0.7545
0.762
0.763
0.769
0.7665
0.76
0.771
0.771
0.765
0.774
0.758
0.765
0.7625
0.7635
0.768
0.738
0.771
0.754
0.781
0.7805
0.773
0.788
0.7785
0.7635
0.763
0.7625
0.77
0.7605
0.7475
0.765
0.7645
0.7625
0.7505
0.766
0.7605
0.744
0.7615
0.7655
0.7695
0.7675
0.7665
0.7535
0.769
0.762
0.771
0.7785
0.7575
0.765
0.757
0.7465
0.76
0.7635
0.7595
0.774
0.767
0.751
0.77
0.7575
0.748
0.767
0.767
0.7735
0.7455
0.76
0.747
0.751
0.7825
0.7645
0.7595
0.7655
0.7815
0.7665
0.7715
0.7695
0.781
0.7775
0.7655
0.751
0.7445
0.764
0.7685
0.765
0.769
0.766
0.762
0.7535
0.78
0.751
0.7565
0.7685
0.744
0.7855
0.7615
0.761
0.753
0.7795
0.752376188094047
