0.8625
0.8315
0.812
0.815
0.815
0.815
0.824
0.829
0.8165
0.797
0.82
0.8215
0.81
0.826
0.8155
0.803
0.8115
0.8175
0.803
0.815
0.8035
0.798
0.7955
0.7885
0.812
0.8165
0.7995
0.8015
0.816
0.81
0.8005
0.805
0.813
0.796
0.808
0.802
0.818
0.8145
0.808
0.807
0.81
0.808
0.816
0.8065
0.81
0.8075
0.8005
0.8165
0.834
0.8135
0.812
0.811
0.8055
0.817
0.807
0.807
0.7995
0.827
0.8095
0.7985
0.792
0.813
0.7975
0.8065
0.8085
0.811
0.802
0.802
0.8215
0.8085
0.7995
0.825
0.7925
0.816
0.804
0.8145
0.807
0.804
0.8
0.799
0.8115
0.8115
0.81
0.7965
0.8175
0.8
0.8195
0.82
0.8095
0.8005
0.8175
0.7935
0.789
0.8135
0.8045
0.812
0.8055
0.815
0.826
0.8075
0.805
0.812
0.813
0.8125
0.8045
0.802
0.7775
0.8025
0.81
0.8115
0.815
0.8105
0.807
0.811
0.7945
0.8065
0.8145
0.809
0.7925
0.814
0.8205
0.816
0.812
0.812
0.823
0.796
0.8065
0.804
0.804
0.808
0.8075
0.799
0.806
0.793
0.8135
0.8165
0.794
0.7935
0.8085
0.798
0.8025
0.8095
0.79
0.8245
0.7985
0.814
0.8095
0.805
0.81
0.812
0.803
0.8145
0.801
0.8025
0.796
0.8105
0.817
0.8155
0.8095
0.802
0.804
0.8135
0.811
0.806
0.8015
0.819
0.8045
0.801
0.82
0.817
0.809
0.797
0.808
0.816
0.8065
0.803
0.833
0.8055
0.8095
0.8075
0.803
0.814
0.809
0.8135
0.816
0.812
0.792
0.828
0.819
0.796
0.8005
0.8105
0.803
0.813
0.7985
0.79925
0.819
0.8175
0.8105
0.822
0.795
0.8025
0.8055
0.8135
0.8095
0.804
0.78
0.7965
0.8135
0.8125
0.8065
0.8165
0.794
0.8015
0.7895
0.819
0.799
0.8105
0.81
0.822
0.82
0.8015
0.8115
0.812
0.809
0.809
0.811
0.8125
0.817
0.8155
0.8025
0.8105
0.8235
0.804
0.8165
0.815
0.8025
0.7895
0.806
0.805
0.815
0.812
0.8315
0.816
0.7975
0.807
0.8125
0.793
0.8185
0.803
0.8075
0.799
0.7985
0.812
0.8115
0.811
0.8045
0.8065
0.8145
0.8095
0.8075
0.793
0.8125
0.809
0.8035
0.8025
0.8005
0.81
0.822
0.802
0.824
0.819
0.8115
0.794
0.8005
0.803
0.8
0.8025
0.816
0.807
0.804
0.814
0.811
0.8025
0.818
0.8
0.809
0.8035
0.792
0.797
0.813
0.821
0.8105
0.7975
0.8075
0.802
0.8005
0.793
0.807
0.8155
0.788
0.8135
0.8115
0.81
0.8095
0.812
0.7925
0.818
0.811
0.8005
0.801
0.8015
0.82
0.8205
0.813
0.8195
0.7965
0.811
0.808
0.8075
0.797
0.8045
0.8135
0.806
0.8255
0.79
0.8165
0.7985
0.809
0.819
0.8205
0.81
0.7955
0.798
0.8065
0.803
0.804
0.797
0.808
0.8125
0.792
0.808
0.818
0.816
0.8265
0.812
0.809
0.806
0.8155
0.8115
0.799
0.806
0.8105
0.8035
0.7985
0.808
0.812
0.818
0.8075
0.813
0.8075
0.809
0.8125
0.815
0.795
0.812
0.799
0.8275
0.805
0.806
0.784
0.809
0.815
0.8
0.809
0.8025
0.8015
0.8185
0.802
0.7975
0.81
0.811
0.8155
0.8
0.7995
0.8165
0.8075
0.8095
0.7935
0.814
0.8025
0.8005
0.8055
0.81
0.815
0.817
0.8255
0.802
0.7975
0.8055
0.81
0.7925
0.811
0.825
0.7915
0.803
0.803
0.821
0.8085
0.812
0.824
0.805
0.809
0.7825
0.7915
0.796
0.814
0.808
0.8125
0.8155
0.8165
0.807
0.8005
0.799
0.7975
0.815
0.814
0.8045
0.8025
0.8025
0.8185
0.8105
0.811
0.791
0.8215
0.818
0.8075
0.807
0.8015
0.8105
0.798
0.801
0.8155
0.8085
0.7975
0.798
0.801
0.7995
0.811
0.796
0.811
0.814
0.8125
0.8055
0.818
0.799
0.8125
0.808
0.808
0.80025
0.8185
0.8135
0.7945
0.8105
0.806
0.834
0.809
0.806
0.8145
0.8125
0.8055
0.799
0.815
0.8105
0.8015
0.8095
0.811
0.8035
0.7855
0.818
0.8175
0.819
0.8255
0.7955
0.8055
0.8065
0.803
0.8275
0.7995
0.8025
0.824
0.815
0.795
0.804
0.8045
0.8085
0.786
0.8245
0.801
0.798
0.8035
0.8055
0.8095
0.8075
0.8175
0.818
0.8085
0.807
0.812
0.8145
0.8095
0.809
0.814
0.815
0.807
0.818
0.8
0.8145
0.81
0.811
0.8045
0.8065
0.8055
0.805
0.8035
0.816
0.803
0.8055
0.801
0.8145
0.8065
0.8025
0.806
0.812
0.811
0.7965
0.8185
0.8065
0.809
0.807
0.821
0.824
0.821
0.81
0.8005
0.815
0.8045
0.808
0.8155
0.796
0.804
0.817
0.8105
0.7925
0.8185
0.8125
0.793
0.812
0.8135
0.804
0.803
0.7995
0.7995
0.8075
0.817
0.8025
0.824
0.811
0.8095
0.804
0.7975
0.8125
0.8185
0.8075
0.786
0.804
0.8075
0.7995
0.797
0.8165
0.8095
0.8015
0.8115
0.8025
0.7985
0.8015
0.813
0.8025
0.818
0.802
0.7985
0.812
0.813
0.818
0.8015
0.8095
0.83
0.8145
0.7875
0.8145
0.8
0.812
0.8
0.806
0.813
0.8095
0.801
0.819
0.8
0.809
0.8135
0.8055
0.8265
0.8155
0.8025
0.804
0.812
0.7975
0.8125
0.801
0.82
0.811
0.804
0.81
0.811
0.8115
0.8095
0.799
0.812
0.82
0.8145
0.816
0.814
0.8165
0.8225
0.8045
0.8125
0.811
0.7935
0.804
0.7945
0.8025
0.8125
0.779
0.808
0.8105
0.8
0.814
0.8085
0.81
0.806
0.8145
0.807
0.7985
0.808
0.7935
0.8055
0.81
0.813
0.815
0.8025
0.792
0.8155
0.7955
0.804
0.817
0.8065
0.8085
0.8095
0.8085
0.8085
0.8055
0.794
0.8075
0.7975
0.8125
0.796
0.803
0.7975
0.81
0.8295
0.8075
0.821
0.816
0.7965
0.8065
0.823
0.809
0.809
0.8
0.8175
0.806
0.805
0.796
0.812
0.8075
0.8085
0.8045
0.8235
0.815
0.8165
0.8165
0.798
0.802
0.8065
0.8165
0.826
0.8145
0.8015
0.817
0.79
0.81
0.806
0.801
0.816
0.809
0.7885
0.8215
0.786
0.7965
0.8025
0.803
0.8155
0.802
0.7965
0.806
0.803
0.8195
0.81
0.803
0.8095
0.8165
0.8035
0.814
0.7975
0.823
0.8085
0.8105
0.79
0.7855
0.8085
0.814
0.805
0.808
0.822
0.802
0.806
0.818
0.7995
0.8045
0.809
0.7965
0.8245
0.808
0.8025
0.799
0.8285
0.8144072036018009
