0.965
0.949
0.9545
0.9425
0.944
0.9405
0.949
0.934
0.9415
0.935
0.933
0.9335
0.925
0.9305
0.943
0.928
0.929
0.934
0.9305
0.9275
0.927
0.9125
0.9145
0.9255
0.9235
0.9305
0.93
0.9205
0.925
0.9165
0.914
0.9235
0.9195
0.929
0.914
0.9185
0.9205
0.9205
0.9125
0.9165
0.9295
0.9145
0.9175
0.9085
0.9275
0.9195
0.919
0.918
0.923
0.9165
0.909
0.9155
0.9195
0.9215
0.9135
0.915
0.9085
0.9245
0.9175
0.9095
0.9085
0.9095
0.916
0.911
0.911
0.921
0.906
0.914
0.914
0.909
0.9145
0.914
0.896
0.9125
0.91
0.9035
0.913
0.9125
0.903
0.912
0.9105
0.9135
0.9085
0.9005
0.917
0.906
0.9175
0.92
0.9085
0.9065
0.9105
0.896
0.902
0.913
0.907
0.91
0.91
0.9155
0.9155
0.9005
0.8975
0.9165
0.9215
0.9075
0.906
0.899
0.8845
0.912
0.9
0.9015
0.906
0.914
0.909
0.9185
0.897
0.9
0.909
0.9035
0.896
0.908
0.9085
0.903
0.9025
0.9
0.9145
0.898
0.899
0.8995
0.9125
0.898
0.898
0.8985
0.911
0.8935
0.9085
0.91
0.9005
0.906
0.907
0.8945
0.904
0.904
0.8985
0.918
0.8945
0.904
0.909
0.9065
0.899
0.9015
0.892
0.909
0.8915
0.902
0.897
0.8925
0.8985
0.9055
0.8995
0.911
0.9035
0.903
0.912
0.8965
0.8885
0.9115
0.9105
0.899
0.9125
0.902
0.907
0.8975
0.904
0.912
0.898
0.907
0.915
0.8955
0.8965
0.9
0.889
0.892
0.8975
0.9005
0.8995
0.8965
0.8975
0.9205
0.9195
0.894
0.903
0.8995
0.9045
0.908
0.892
0.8915
0.91
0.898
0.902
0.9115
0.889
0.893
0.904
0.898
0.89
0.898
0.8935
0.8925
0.9155
0.904
0.8965
0.9025
0.8945
0.8965
0.884
0.9035
0.8905
0.8915
0.889
0.905
0.911
0.896
0.9015
0.893
0.8995
0.91
0.9045
0.9065
0.906
0.9045
0.9005
0.8985
0.9075
0.9045
0.9025
0.9025
0.891
0.891
0.9
0.8955
0.8985
0.8995
0.908
0.9
0.899
0.898
0.903
0.8855
0.9035
0.904
0.903
0.895
0.8895
0.8925
0.9025
0.894
0.896
0.903
0.911
0.897
0.888
0.889
0.8975
0.8935
0.891
0.8985
0.8945
0.8865
0.911
0.8965
0.914
0.9065
0.9015
0.8765
0.8955
0.8815
0.886
0.8895
0.9045
0.892
0.894
0.9025
0.902
0.901
0.9
0.8965
0.901
0.8865
0.8825
0.8875
0.901
0.907
0.898
0.8865
0.894
0.897
0.895
0.885
0.902
0.903
0.888
0.9015
0.8885
0.9015
0.891
0.8975
0.896
0.904
0.885
0.9035
0.8955
0.8885
0.9015
0.901
0.907
0.8995
0.8865
0.9005
0.895
0.904
0.8885
0.9
0.8935
0.902
0.9025
0.8775
0.895
0.891
0.901
0.8995
0.9055
0.8945
0.885
0.8845
0.8905
0.885
0.8795
0.8925
0.8905
0.905
0.8865
0.8925
0.9015
0.899
0.9065
0.9005
0.9005
0.903
0.8935
0.9005
0.8915
0.898
0.8935
0.9005
0.8915
0.892
0.9075
0.896
0.896
0.899
0.899
0.906
0.8955
0.8975
0.886
0.9025
0.8785
0.9025
0.8895
0.896
0.886
0.8945
0.902
0.8855
0.892
0.902
0.8925
0.902
0.8935
0.89
0.8815
0.8905
0.895
0.893
0.893
0.896
0.896
0.897
0.8775
0.906
0.893
0.8935
0.9
0.9005
0.8945
0.903
0.896
0.889
0.898
0.898
0.8965
0.8925
0.8995
0.8915
0.8855
0.8935
0.898
0.9085
0.896
0.9045
0.9035
0.8965
0.8865
0.8825
0.8905
0.8895
0.902
0.8925
0.8975
0.899
0.9055
0.8915
0.8945
0.885
0.8905
0.898
0.9
0.8955
0.8775
0.9005
0.9085
0.8985
0.8915
0.891
0.9025
0.9005
0.9025
0.895
0.891
0.893
0.893
0.903
0.9035
0.8935
0.88
0.8935
0.8935
0.8895
0.891
0.8915
0.8955
0.89
0.9035
0.889
0.9095
0.8925
0.9055
0.897
0.9005
0.884
0.9025
0.895
0.8925
0.897
0.8895
0.9155
0.898
0.8845
0.8965
0.905
0.9085
0.885
0.8935
0.9005
0.892
0.8955
0.8905
0.886
0.877
0.902
0.903
0.906
0.899
0.887
0.893
0.8895
0.8995
0.9035
0.894
0.906
0.8935
0.8925
0.8865
0.8965
0.8935
0.8985
0.8815
0.9125
0.896
0.8875
0.8995
0.8945
0.9015
0.8925
0.896
0.8905
0.887
0.8875
0.8795
0.8885
0.8925
0.8915
0.888
0.892
0.8915
0.891
0.897
0.895
0.896
0.8915
0.905
0.893
0.884
0.893
0.894
0.897
0.889
0.894
0.883
0.8955
0.884
0.8995
0.8855
0.8935
0.9035
0.8895
0.897
0.8965
0.892
0.8875
0.9075
0.905
0.8925
0.8945
0.903
0.903
0.8915
0.904
0.9015
0.8915
0.8945
0.9045
0.9055
0.882
0.8975
0.8875
0.888
0.899
0.9015
0.895
0.8965
0.8935
0.8905
0.8945
0.8955
0.897
0.908
0.8895
0.8935
0.883
0.8815
0.891
0.894
0.888
0.8935
0.8905
0.894
0.8815
0.8915
0.899
0.89
0.896
0.8945
0.8935
0.8945
0.903
0.897
0.898
0.894
0.9025
0.8855
0.894
0.895
0.9035
0.8885
0.9055
0.9075
0.8965
0.896
0.8965
0.896
0.905
0.8915
0.8965
0.896
0.8905
0.892
0.902
0.893
0.8935
0.8935
0.8955
0.8955
0.9005
0.889
0.886
0.895
0.884
0.9045
0.8865
0.895
0.896
0.886
0.8935
0.9
0.893
0.895
0.8825
0.8955
0.9015
0.8955
0.9
0.9105
0.896
0.908
0.8925
0.8985
0.8885
0.8845
0.89
0.8945
0.8945
0.899
0.885
0.9015
0.893
0.893
0.9035
0.8905
0.8835
0.889
0.9005
0.895
0.8865
0.8995
0.892
0.9005
0.8945
0.898
0.894
0.881
0.894
0.896
0.879
0.8865
0.8935
0.8925
0.895
0.8905
0.89
0.886
0.8885
0.883
0.9015
0.8915
0.8875
0.881
0.889
0.886
0.887
0.913
0.899
0.9035
0.89
0.894
0.897
0.908
0.889
0.898
0.893
0.892
0.8935
0.8925
0.88
0.8915
0.8965
0.8865
0.8905
0.9015
0.8945
0.8925
0.9015
0.898
0.8985
0.893
0.8985
0.9075
0.8945
0.8855
0.9055
0.89
0.8955
0.894
0.894
0.897
0.889
0.883
0.9065
0.8845
0.8935
0.888
0.8895
0.892
0.885
0.8825
0.8955
0.8865
0.8985
0.899
0.891
0.8905
0.9
0.899
0.8975
0.884
0.905
0.8935
0.889
0.888
0.884
0.896
0.904
0.9015
0.9005
0.9015
0.896
0.893
0.9005
0.8985
0.889
0.8945
0.8865
0.89
0.8935
0.89
0.8875
0.909
0.9014507253626813
