0.9095
0.892
0.888
0.8815
0.886
0.8805
0.8895
0.887
0.8755
0.8685
0.87
0.8785
0.871
0.882
0.883
0.863
0.8665
0.884
0.8765
0.8815
0.8645
0.863
0.859
0.864
0.8585
0.873
0.87
0.8695
0.8695
0.8625
0.8635
0.863
0.87
0.853
0.863
0.8755
0.8745
0.8665
0.8685
0.8645
0.868
0.847
0.8705
0.856
0.8675
0.8695
0.8655
0.8715
0.883
0.8695
0.867
0.876
0.8595
0.8765
0.8595
0.857
0.8515
0.8815
0.866
0.854
0.854
0.8685
0.866
0.8655
0.8595
0.8625
0.854
0.87
0.87
0.859
0.859
0.865
0.847
0.8725
0.857
0.857
0.8685
0.8585
0.8485
0.859
0.861
0.8655
0.8535
0.843
0.87
0.859
0.8705
0.8745
0.8585
0.8485
0.8585
0.8515
0.853
0.8615
0.8635
0.854
0.8555
0.8565
0.865
0.8615
0.855
0.862
0.8745
0.8645
0.8565
0.852
0.8315
0.858
0.8575
0.8525
0.864
0.8655
0.8595
0.8645
0.834
0.8575
0.863
0.8555
0.8365
0.8595
0.8615
0.8655
0.8625
0.856
0.876
0.8445
0.849
0.853
0.8645
0.8565
0.8585
0.8525
0.8545
0.8415
0.8545
0.8615
0.854
0.8515
0.857
0.8475
0.858
0.8535
0.849
0.8775
0.8485
0.8595
0.8595
0.8555
0.8565
0.858
0.847
0.8615
0.849
0.85
0.848
0.8515
0.8555
0.868
0.8545
0.8615
0.85
0.862
0.853
0.8535
0.8365
0.8625
0.858
0.8505
0.865
0.858
0.859
0.8495
0.852
0.86
0.86
0.861
0.871
0.8545
0.85
0.8495
0.8445
0.854
0.85
0.8585
0.853
0.858
0.842
0.873
0.8645
0.848
0.85
0.8465
0.8585
0.865
0.8345
0.8445
0.857
0.86
0.856
0.859
0.842
0.855
0.8525
0.861
0.857
0.854
0.8445
0.848
0.862
0.8625
0.8405
0.857
0.8455
0.852
0.8345
0.8555
0.8405
0.858
0.8455
0.8575
0.8605
0.849
0.855
0.848
0.8525
0.86
0.857
0.864
0.865
0.8525
0.8465
0.85
0.861
0.8515
0.8445
0.8595
0.8535
0.844
0.851
0.8505
0.8565
0.849
0.8745
0.8615
0.8445
0.8505
0.8555
0.838
0.8565
0.861
0.857
0.846
0.8485
0.862
0.852
0.8445
0.856
0.857
0.8665
0.8515
0.849
0.845
0.8495
0.8585
0.8515
0.848
0.846
0.8485
0.869
0.852
0.8625
0.861
0.86
0.8365
0.8505
0.837
0.834
0.8465
0.8595
0.8455
0.8505
0.8605
0.8515
0.852
0.8595
0.8425
0.8485
0.852
0.8335
0.841
0.8515
0.857
0.8525
0.832
0.8525
0.8505
0.8405
0.8395
0.853
0.856
0.837
0.858
0.8495
0.8485
0.8515
0.8505
0.841
0.857
0.8445
0.8585
0.8425
0.8455
0.8555
0.855
0.8535
0.859
0.843
0.8645
0.854
0.8645
0.839
0.841
0.847
0.862
0.863
0.8395
0.859
0.838
0.8475
0.8595
0.8645
0.846
0.8445
0.838
0.8445
0.849
0.84
0.8435
0.847
0.8575
0.8435
0.849
0.8675
0.854
0.861
0.848
0.8535
0.846
0.8545
0.859
0.8485
0.848
0.8525
0.856
0.8395
0.848
0.8625
0.8495
0.849
0.8585
0.853
0.856
0.8535
0.853
0.8385
0.849
0.8385
0.8555
0.842
0.858
0.8395
0.849
0.853
0.8435
0.846
0.848
0.8475
0.8555
0.844
0.846
0.843
0.8505
0.852
0.848
0.8475
0.8535
0.8505
0.861
0.8265
0.8565
0.842
0.8435
0.8465
0.855
0.851
0.8685
0.858
0.8485
0.8465
0.8525
0.852
0.8425
0.849
0.869
0.837
0.8475
0.8505
0.8645
0.85
0.8575
0.853
0.853
0.8465
0.83
0.8375
0.8435
0.85
0.842
0.856
0.857
0.8615
0.8505
0.851
0.8425
0.845
0.853
0.8545
0.848
0.843
0.8475
0.864
0.849
0.8505
0.846
0.857
0.8635
0.848
0.851
0.835
0.8445
0.84
0.848
0.8585
0.849
0.8405
0.848
0.841
0.8435
0.8485
0.8415
0.8525
0.8445
0.864
0.842
0.865
0.841
0.8605
0.847
0.852
0.84225
0.8615
0.846
0.8415
0.847
0.844
0.871
0.852
0.839
0.8545
0.8645
0.8565
0.839
0.86
0.8585
0.841
0.846
0.849
0.847
0.84
0.8585
0.8535
0.857
0.859
0.8405
0.841
0.845
0.847
0.8575
0.844
0.8505
0.858
0.8385
0.8425
0.855
0.85
0.854
0.839
0.863
0.8555
0.8445
0.8485
0.849
0.85
0.8525
0.8595
0.8515
0.8415
0.84
0.8415
0.8425
0.847
0.851
0.8445
0.85
0.8465
0.8495
0.845
0.8495
0.8485
0.8475
0.8515
0.841
0.8425
0.848
0.842
0.8485
0.836
0.844
0.8365
0.849
0.845
0.842
0.844
0.85
0.8495
0.849
0.8625
0.845
0.8435
0.849
0.86
0.8605
0.8575
0.855
0.8505
0.849
0.8485
0.852
0.856
0.8345
0.8495
0.864
0.8575
0.835
0.8525
0.846
0.8415
0.863
0.8615
0.8445
0.851
0.846
0.847
0.8465
0.8565
0.852
0.855
0.8455
0.845
0.8435
0.838
0.842
0.854
0.846
0.843
0.8545
0.8415
0.8265
0.845
0.8485
0.845
0.847
0.8435
0.84
0.851
0.8545
0.851
0.849
0.8505
0.844
0.839
0.8495
0.852
0.857
0.845
0.863
0.866
0.851
0.8395
0.8515
0.84
0.8585
0.8445
0.857
0.849
0.85
0.8425
0.8565
0.8435
0.853
0.85
0.846
0.856
0.85
0.8505
0.8415
0.85
0.837
0.8525
0.8365
0.8535
0.846
0.838
0.849
0.838
0.85
0.8485
0.834
0.8545
0.856
0.8425
0.8525
0.8635
0.8585
0.8625
0.848
0.852
0.847
0.8325
0.841
0.8375
0.8535
0.86
0.8315
0.841
0.845
0.8485
0.852
0.8435
0.8475
0.84
0.85
0.845
0.8455
0.853
0.8415
0.8495
0.856
0.8515
0.8545
0.834
0.8375
0.8525
0.8415
0.8475
0.8565
0.8495
0.849
0.8415
0.844
0.8465
0.8455
0.8355
0.8535
0.841
0.8575
0.8335
0.8405
0.84
0.8475
0.8615
0.8455
0.8585
0.858
0.83
0.843
0.8645
0.853
0.858
0.842
0.8595
0.849
0.848
0.8355
0.838
0.849
0.852
0.8475
0.863
0.845
0.8475
0.8585
0.8385
0.849
0.848
0.8515
0.86
0.8535
0.838
0.863
0.8405
0.852
0.8415
0.8385
0.861
0.8425
0.8275
0.8615
0.833
0.8475
0.847
0.8445
0.8515
0.842
0.833
0.844
0.8415
0.8535
0.8465
0.8565
0.847
0.855
0.841
0.853
0.839
0.8625
0.8515
0.851
0.8365
0.831
0.847
0.853
0.849
0.864
0.858
0.8385
0.8465
0.8585
0.8465
0.846
0.851
0.8395
0.855
0.846
0.8445
0.84
0.868
0.855927963981991
